,qid_date,stock_code,real_return,prediction
47573,20211207,300580,0.112199,1.0
47574,20211207,300433,0.0331,1.0
47575,20211207,688082,0.02102,1.0
47576,20211207,300253,0.014657,1.0
47577,20211207,688578,-0.008344,1.0
47578,20211207,300757,-0.012058,1.0
47579,20211208,688186,0.005352,1.0
47580,20211208,300745,-0.032717,1.0
47581,20211208,688082,-0.042735,1.0
47582,20211208,688667,-0.088216,1.0
47583,20211209,688516,0.101973,1.0
47584,20211209,300811,0.058586,1.0
47585,20211209,688257,0.035097,1.0
47586,20211209,300073,0.004102,1.0
47587,20211209,300073,0.004102,1.0
47588,20211209,300223,-0.005654,1.0
47589,20211209,688551,-0.017544,1.0
47590,20211209,300986,-0.021558,1.0
47591,20211209,300033,-0.031319,0.0
47592,20211209,300253,-0.032345,1.0
47593,20211209,300802,-0.038427,1.0
47594,20211209,688369,-0.039491,1.0
47595,20211210,300705,0.084192,1.0
47596,20211210,300170,0.038554,1.0
47597,20211210,300747,0.03813,1.0
47598,20211210,688308,0.019198,1.0
47599,20211210,688268,0.01228,1.0
47600,20211210,300253,0.011838,0.0
47601,20211210,688208,0.008414,1.0
47602,20211210,688698,-0.000396,1.0
47603,20211210,688516,-0.016993,1.0
47604,20211210,688516,-0.016993,1.0
47605,20211210,301071,-0.023744,1.0
47606,20211210,301071,-0.023744,1.0
47607,20211210,688516,-0.016993,1.0
47608,20211210,300474,-0.022691,1.0
47609,20211210,301099,-0.039935,1.0
47610,20211213,300087,0.057188,0.0
47611,20211213,688668,0.026645,1.0
47612,20211213,300383,0.012303,1.0
47613,20211213,688793,0.009923,1.0
47614,20211213,300835,0.003125,1.0
47615,20211213,301029,0.002661,1.0
47616,20211213,688221,0.000531,1.0
47617,20211213,688221,0.000531,1.0
47618,20211213,300035,-0.029573,1.0
47619,20211213,300058,-0.031762,1.0
47620,20211213,688155,-0.03911,1.0
47621,20211213,688533,-0.072233,1.0
47622,20211214,688112,0.021047,1.0
47623,20211214,300856,0.009682,1.0
47624,20211214,300451,-0.007338,1.0
47625,20211214,300708,-0.011567,1.0
47626,20211215,688690,0.095341,1.0
47627,20211215,688589,0.05869,1.0
47628,20211215,688296,0.058297,1.0
47629,20211215,300724,0.057967,1.0
47630,20211215,688188,0.032211,1.0
47631,20211215,688268,0.01758,1.0
47632,20211215,688037,0.017536,1.0
47633,20211215,300143,0.011928,1.0
47634,20211215,300143,0.011928,1.0
47635,20211215,688621,0.006149,1.0
47636,20211215,688169,0.00442,1.0
47637,20211215,688018,0.003212,0.0
47638,20211215,301129,-0.002296,1.0
47639,20211215,300538,-0.013529,1.0
47640,20211215,300260,-0.016551,1.0
47641,20211215,301071,-0.017351,1.0
47642,20211216,301035,0.009562,1.0
47643,20211216,688008,-0.000123,1.0
47644,20211216,688777,-0.014411,0.0
47645,20211216,300019,-0.019913,1.0
47646,20211216,688268,-0.024744,1.0
47647,20211216,300182,-0.024876,1.0
47648,20211216,300751,-0.038985,1.0
47649,20211216,688508,-0.042155,0.0
47650,20211217,688017,0.038917,1.0
47651,20211217,301071,0.028431,1.0
47652,20211217,688257,-0.000518,1.0
47653,20211217,688180,-0.017786,1.0
47654,20211217,300699,-0.019407,1.0
47655,20211217,300661,-0.02205,1.0
47656,20211217,300655,-0.045784,1.0
47657,20211217,688777,-0.060444,0.0
47658,20211217,688777,-0.060444,0.0
47659,20211217,688208,-0.0788,1.0
47660,20211217,688208,-0.0788,1.0
47661,20211217,688208,-0.0788,1.0
47662,20211217,688676,0.055002,1.0
47663,20211217,300994,0.003708,1.0
47664,20211217,688519,-0.010265,1.0
47665,20211217,300015,-0.014709,1.0
47666,20211217,300263,-0.034682,1.0
47667,20211217,688777,-0.060444,0.0
47668,20211217,688208,-0.0788,1.0
47669,20211220,688100,0.057102,1.0
47670,20211220,301129,0.048152,1.0
47671,20211220,300428,0.039066,1.0
47672,20211220,300012,0.025098,1.0
47673,20211220,300360,0.022127,1.0
47674,20211220,300498,0.015801,0.0
47675,20211220,688016,0.013333,1.0
47676,20211220,300363,0.008511,1.0
47677,20211220,688608,0.001708,1.0
47678,20211220,688676,-0.006707,1.0
47679,20211220,300499,-0.007147,1.0
47680,20211220,301047,-0.011268,1.0
47681,20211220,688677,-0.014958,1.0
47682,20211221,688208,0.062408,1.0
47683,20211221,688301,0.051014,1.0
47684,20211221,300021,0.013769,1.0
47685,20211221,688396,0.001091,1.0
47686,20211221,300504,0.001026,1.0
47687,20211221,688063,-0.007657,1.0
47688,20211221,301177,-0.054389,0.0
47689,20211221,688575,-0.090278,1.0
47690,20211222,300567,-0.001865,1.0
47691,20211222,300604,-0.001997,1.0
47692,20211222,688106,-0.010152,1.0
47693,20211222,300788,-0.025957,1.0
47694,20211222,301177,-0.033333,0.0
47695,20211222,300955,-0.041413,1.0
47696,20211223,300031,0.057848,1.0
47697,20211223,300911,0.008341,1.0
47698,20211223,688080,0.00297,1.0
47699,20211223,688111,0.001118,0.0
47700,20211223,688111,0.001118,0.0
47701,20211223,300979,-0.006477,1.0
47702,20211223,688021,-0.009867,1.0
47703,20211223,301061,-0.011041,1.0
47704,20211223,300040,-0.013078,1.0
47705,20211223,688066,-0.018303,0.0
47706,20211223,300590,-0.025377,1.0
47707,20211223,688568,-0.031324,0.0
47708,20211223,300182,-0.034954,1.0
47709,20211223,300428,-0.047462,1.0
47710,20211223,300499,-0.048237,1.0
47711,20211224,688555,0.072289,0.0
47712,20211224,300558,0.052322,1.0
47713,20211224,301177,0.017405,1.0
47714,20211224,688208,0.007504,1.0
47715,20211224,300253,0.002584,0.0
47716,20211224,301129,-0.021812,1.0
47717,20211224,688396,0.012033,1.0
47718,20211224,688208,0.007504,1.0
47719,20211224,300012,0.005054,1.0
47720,20211227,300075,0.200288,1.0
47721,20211227,301221,0.073946,1.0
47722,20211227,300681,0.031981,1.0
47723,20211227,300552,0.031635,1.0
47724,20211227,688276,0.024962,1.0
47725,20211227,300587,0.01372,1.0
47726,20211227,300005,0.013458,1.0
47727,20211227,688396,0.011264,1.0
47728,20211227,300813,0.010434,1.0
47729,20211227,688110,0.007505,1.0
47730,20211227,300799,0.005371,1.0
47731,20211227,300919,0.002822,1.0
47732,20211227,688080,-0.026485,1.0
47733,20211227,300982,-0.036414,0.0
47734,20211227,300286,-0.077368,1.0
47735,20211228,300240,0.039457,1.0
47736,20211228,300731,0.015028,1.0
47737,20211228,688519,0.003223,1.0
47738,20211228,688169,-0.002317,1.0
47739,20211228,300564,-0.008174,1.0
47740,20211228,300648,-0.008547,1.0
47741,20211228,688111,-0.009637,0.0
47742,20211228,300790,-0.009937,1.0
47743,20211228,300973,-0.010621,1.0
47744,20211228,300499,-0.013447,1.0
47745,20211228,300894,-0.014356,1.0
47746,20211228,300177,-0.014925,1.0
47747,20211228,300751,-0.020313,1.0
47748,20211228,301221,-0.028717,1.0
47749,20211228,300203,-0.033123,1.0
47750,20211228,300911,-0.037015,1.0
47751,20211228,300496,-0.044811,1.0
47752,20211229,300133,0.077655,1.0
47753,20211229,300636,0.068355,1.0
47754,20211229,688617,0.027724,1.0
47755,20211229,300707,0.013746,1.0
47756,20211229,689009,0.009766,1.0
47757,20211229,688257,0.007407,1.0
47758,20211229,688185,0.003567,1.0
47759,20211229,688696,0.002417,1.0
47760,20211229,688696,0.002417,1.0
47761,20211229,300607,-0.004316,1.0
47762,20211229,688798,-0.016943,1.0
47763,20211230,688680,0.053885,1.0
47764,20211230,688669,0.040559,1.0
47765,20211230,688167,0.025521,1.0
47766,20211230,300776,0.023191,1.0
47767,20211230,300751,0.011496,1.0
47768,20211230,688300,0.00736,1.0
47769,20211230,300590,0.005226,1.0
47770,20211230,300035,0.004316,1.0
47771,20211230,688066,0.001239,0.0
47772,20211230,300177,0.001058,1.0
47773,20211230,688100,-0.000581,1.0
47774,20211230,688366,-0.000794,1.0
47775,20211230,300725,-0.005039,1.0
47776,20211230,688772,-0.010374,1.0
47777,20211230,300308,-0.020512,1.0
47778,20211230,300015,-0.031386,1.0
47779,20211230,300571,-0.032865,1.0
47780,20211230,300093,-0.117579,1.0
47781,20211230,300911,0.021118,1.0
47782,20211230,688006,-0.026957,1.0
47783,20211230,300973,-0.027029,1.0
47784,20211230,301071,-0.054587,1.0
47785,20211230,688082,-0.06698,1.0
47786,20211230,300751,-0.081535,1.0
47787,20220104,300788,0.028269,0.0
47788,20220104,300841,0.006866,1.0
47789,20220104,300146,-0.006131,1.0
47790,20220104,300058,-0.007994,0.0
47791,20220104,688005,-0.015315,1.0
47792,20220104,688005,-0.015315,1.0
47793,20220104,688005,-0.015315,0.0
47794,20220104,688005,-0.015315,1.0
47795,20220104,300748,-0.016254,1.0
47796,20220104,688363,-0.017068,1.0
47797,20220104,300059,-0.02203,1.0
47798,20220104,300993,-0.037979,1.0
47799,20220104,300413,-0.042825,1.0
47800,20220104,301096,-0.042908,0.0
47801,20220104,300207,-0.057276,1.0
47802,20220104,300790,-0.082955,1.0
47803,20220105,688196,0.032248,1.0
47804,20220105,688196,0.032248,1.0
47805,20220105,688082,0.030081,1.0
47806,20220105,688683,0.017828,1.0
47807,20220105,688169,0.015627,1.0
47808,20220105,300558,0.006248,1.0
47809,20220105,688608,0.003344,1.0
47810,20220105,300662,0.002431,1.0
47811,20220105,688288,0.000268,1.0
47812,20220105,300382,-0.002859,1.0
47813,20220105,688499,-0.006036,1.0
47814,20220105,688127,-0.024211,1.0
47815,20220105,688363,-0.036284,1.0
47816,20220105,300896,-0.074286,1.0
47817,20220106,300358,0.025051,1.0
47818,20220106,300757,0.021235,1.0
47819,20220106,300286,-0.006477,1.0
47820,20220106,300841,-0.013137,1.0
47821,20220106,300666,-0.015964,1.0
47822,20220106,300919,-0.026807,1.0
47823,20220106,688106,-0.033296,1.0
47824,20220106,688369,-0.033842,1.0
47825,20220106,688319,-0.036431,1.0
47826,20220106,300633,-0.050613,1.0
47827,20220107,301073,0.115931,1.0
47828,20220107,688298,0.09712,1.0
47829,20220107,688201,0.066881,1.0
47830,20220107,688690,0.04869,1.0
47831,20220107,688059,0.044558,0.0
47832,20220107,300365,0.037511,0.0
47833,20220107,688357,0.030053,0.0
47834,20220107,300653,0.023066,1.0
47835,20220107,301071,0.019796,1.0
47836,20220107,300973,-0.001429,1.0
47837,20220107,689009,-0.007041,1.0
47838,20220107,300894,-0.010672,1.0
47839,20220107,300769,-0.035826,1.0
47840,20220107,688005,0.084526,1.0
47841,20220107,300285,0.017685,1.0
47842,20220107,688520,0.009685,0.0
47843,20220107,300487,-0.000979,1.0
47844,20220110,300656,0.005624,1.0
47845,20220110,688106,-0.004469,1.0
47846,20220110,300856,-0.006056,1.0
47847,20220110,688028,-0.008165,1.0
47848,20220110,300896,-0.009336,1.0
47849,20220110,688008,-0.016137,0.0
47850,20220110,300957,-0.017979,1.0
47851,20220110,300791,-0.019802,1.0
47852,20220110,301035,-0.029563,1.0
47853,20220110,300628,-0.032597,1.0
47854,20220110,300373,-0.03336,1.0
47855,20220110,300373,-0.03336,1.0
47856,20220110,300373,-0.03336,1.0
47857,20220110,300373,-0.03336,1.0
47858,20220110,300373,-0.03336,1.0
47859,20220110,300866,-0.034271,1.0
47860,20220110,688039,-0.040161,1.0
47861,20220110,688232,-0.046413,1.0
47862,20220110,301099,-0.096655,1.0
47863,20220111,300919,0.072549,1.0
47864,20220111,300755,0.055626,1.0
47865,20220111,300755,0.055626,1.0
47866,20220111,300171,0.049769,1.0
47867,20220111,688669,0.047827,1.0
47868,20220111,688180,0.045572,1.0
47869,20220111,300984,0.018093,1.0
47870,20220111,300146,0.017065,1.0
47871,20220111,300723,0.012013,1.0
47872,20220111,300662,0.01014,1.0
47873,20220111,300638,0.007531,1.0
47874,20220111,688135,0.006531,1.0
47875,20220111,300487,0.001124,1.0
47876,20220111,688557,-0.012749,1.0
47877,20220111,688687,-0.014716,0.0
47878,20220111,301096,-0.021935,1.0
47879,20220111,688508,-0.022593,1.0
47880,20220111,688508,-0.022593,0.0
47881,20220112,300504,0.047115,1.0
47882,20220112,300487,0.040306,1.0
47883,20220112,688016,0.033578,0.0
47884,20220112,300480,0.005888,1.0
47885,20220112,300143,0.003365,0.0
47886,20220112,300143,0.003365,0.0
47887,20220112,300143,0.003365,0.0
47888,20220112,300782,-0.009707,1.0
47889,20220112,300327,-0.017887,1.0
47890,20220112,688276,-0.021811,1.0
47891,20220112,300769,-0.024317,1.0
47892,20220112,300769,-0.024317,1.0
47893,20220112,300755,-0.024351,1.0
47894,20220112,688033,-0.025886,1.0
47895,20220112,300474,-0.027682,1.0
47896,20220112,688508,-0.028543,0.0
47897,20220112,688166,-0.029352,1.0
47898,20220112,300627,-0.033333,1.0
47899,20220112,688700,-0.042571,1.0
47900,20220112,688075,-0.065556,1.0
47901,20220112,688668,-0.06861,1.0
47902,20220113,688105,0.102669,1.0
47903,20220113,688116,0.08173,1.0
47904,20220113,688082,0.041003,1.0
47905,20220113,300316,0.030104,1.0
47906,20220113,300740,0.02676,1.0
47907,20220113,300740,0.02676,1.0
47908,20220113,300737,0.014795,1.0
47909,20220113,300737,0.014795,1.0
47910,20220113,300285,0.006541,1.0
47911,20220113,300861,0.005592,1.0
47912,20220113,300531,0.00367,1.0
47913,20220113,300347,0.001462,1.0
47914,20220113,300347,0.001462,1.0
47915,20220113,300146,0.0,1.0
47916,20220113,300782,-0.009736,1.0
47917,20220113,300782,-0.009736,1.0
47918,20220113,688033,-0.026983,1.0
47919,20220114,688516,0.062125,1.0
47920,20220114,688516,0.062125,1.0
47921,20220114,688516,0.062125,1.0
47922,20220114,688516,0.062125,1.0
47923,20220114,300769,0.036759,1.0
47924,20220114,300496,0.02742,1.0
47925,20220114,300496,0.02742,1.0
47926,20220114,300496,0.02742,0.0
47927,20220114,300496,0.02742,1.0
47928,20220114,300496,0.02742,1.0
47929,20220114,300316,0.026122,1.0
47930,20220114,300316,0.026122,1.0
47931,20220114,300316,0.026122,1.0
47932,20220114,300861,0.021942,1.0
47933,20220114,688122,0.008728,1.0
47934,20220114,300673,0.002667,1.0
47935,20220114,688126,0.00037,1.0
47936,20220114,300760,-0.002664,1.0
47937,20220114,301129,-0.009602,1.0
47938,20220114,300740,-0.016997,1.0
47939,20220114,300347,-0.018164,0.0
47940,20220114,300737,-0.064944,1.0
47941,20220114,301006,0.11581,1.0
47942,20220114,688180,0.110588,1.0
47943,20220114,688551,0.078561,1.0
47944,20220114,300707,0.07005,1.0
47945,20220114,301055,0.03691,1.0
47946,20220114,300384,0.02918,0.0
47947,20220114,300558,0.027825,1.0
47948,20220114,688296,0.02249,0.0
47949,20220114,300855,0.008535,1.0
47950,20220114,300763,-0.025629,1.0
47951,20220114,688533,-0.025868,1.0
47952,20220114,688533,-0.025868,1.0
47953,20220117,688601,0.084341,1.0
47954,20220117,688023,0.04018,1.0
47955,20220117,688023,0.04018,1.0
47956,20220117,688023,0.04018,0.0
47957,20220117,300627,0.026119,1.0
47958,20220117,300682,0.016339,1.0
47959,20220117,688059,0.010503,0.0
47960,20220117,688059,0.010503,1.0
47961,20220117,688059,0.010503,1.0
47962,20220117,688200,0.009687,0.0
47963,20220117,300628,0.008347,1.0
47964,20220117,300628,0.008347,1.0
47965,20220117,300628,0.008347,1.0
47966,20220117,300628,0.008347,1.0
47967,20220117,300628,0.008347,1.0
47968,20220117,300628,0.008347,1.0
47969,20220117,688301,0.006926,1.0
47970,20220117,300751,0.000909,1.0
47971,20220117,300751,0.000909,1.0
47972,20220117,300751,0.000909,1.0
47973,20220117,300751,0.000909,1.0
47974,20220117,688668,-0.00133,1.0
47975,20220117,300019,-0.002481,1.0
47976,20220117,300363,-0.002765,1.0
47977,20220117,300363,-0.002765,1.0
47978,20220117,300363,-0.002765,1.0
47979,20220117,300855,-0.003291,1.0
47980,20220117,300496,-0.003571,1.0
47981,20220117,300496,-0.003571,1.0
47982,20220117,300496,-0.003571,1.0
47983,20220117,688369,-0.004691,0.0
47984,20220117,300590,-0.0297,1.0
47985,20220117,300723,-0.035521,1.0
47986,20220117,688162,-0.036371,1.0
47987,20220117,300955,-0.043478,1.0
47988,20220117,300049,-0.043806,1.0
47989,20220117,300238,-0.055762,1.0
47990,20220117,300918,-0.058877,1.0
47991,20220117,300058,-0.059585,1.0
47992,20220117,300026,-0.123515,1.0
47993,20220118,300737,0.107143,1.0
47994,20220118,300551,0.045685,1.0
47995,20220118,688118,0.04326,0.0
47996,20220118,300979,0.035583,1.0
47997,20220118,688089,0.031646,1.0
47998,20220118,300529,0.011171,1.0
47999,20220118,300529,0.011171,1.0
48000,20220118,688099,0.010652,0.0
48001,20220118,688099,0.010652,0.0
48002,20220118,688099,0.010652,0.0
48003,20220118,688099,0.010652,1.0
48004,20220118,688099,0.010652,0.0
48005,20220118,688099,0.010652,0.0
48006,20220118,688298,0.007484,1.0
48007,20220118,300740,0.003557,1.0
48008,20220118,300021,0.001653,1.0
48009,20220118,300674,-0.000775,1.0
48010,20220118,301177,-0.001786,1.0
48011,20220118,688169,-0.002157,1.0
48012,20220118,301035,-0.006906,1.0
48013,20220118,688196,-0.007972,1.0
48014,20220118,300413,-0.01204,1.0
48015,20220118,300855,-0.015566,1.0
48016,20220118,688200,-0.015693,1.0
48017,20220118,688112,-0.015789,1.0
48018,20220118,300620,-0.019526,1.0
48019,20220118,300620,-0.019526,1.0
48020,20220118,300363,-0.021139,1.0
48021,20220118,300363,-0.021139,1.0
48022,20220118,688556,-0.023715,1.0
48023,20220118,300655,-0.024263,1.0
48024,20220118,300019,-0.028358,1.0
48025,20220118,300751,-0.031116,1.0
48026,20220118,300751,-0.031116,1.0
48027,20220118,688023,-0.033799,0.0
48028,20220118,300358,-0.034894,1.0
48029,20220118,688586,-0.036937,1.0
48030,20220118,688167,-0.038234,1.0
48031,20220118,300416,-0.048921,0.0
48032,20220118,300416,-0.048921,0.0
48033,20220118,300073,-0.061574,1.0
48034,20220118,300073,-0.061574,1.0
48035,20220118,300073,-0.061574,1.0
48036,20220118,300073,-0.061574,1.0
48037,20220118,688383,-0.064498,1.0
48038,20220118,688383,-0.064498,1.0
48039,20220118,688383,-0.064498,1.0
48040,20220118,688301,-0.083106,0.0
48041,20220119,688234,0.039912,1.0
48042,20220119,300763,0.0162,1.0
48043,20220119,688155,-0.009191,1.0
48044,20220119,688200,-0.010188,1.0
48045,20220119,688200,-0.010188,1.0
48046,20220119,300257,-0.010759,1.0
48047,20220119,300674,-0.015504,0.0
48048,20220119,300790,-0.019214,1.0
48049,20220119,688599,-0.02171,1.0
48050,20220119,300263,-0.022472,1.0
48051,20220119,688099,-0.026002,1.0
48052,20220119,688099,-0.026002,1.0
48053,20220119,300655,-0.02754,1.0
48054,20220119,688133,-0.028172,1.0
48055,20220119,300054,-0.028725,1.0
48056,20220119,688798,-0.029647,1.0
48057,20220119,688798,-0.029647,1.0
48058,20220119,688798,-0.029647,1.0
48059,20220119,688383,-0.036505,1.0
48060,20220119,688212,-0.039311,1.0
48061,20220119,300354,-0.039911,1.0
48062,20220119,688301,-0.041365,1.0
48063,20220119,301179,-0.041659,0.0
48064,20220119,300363,-0.048383,1.0
48065,20220119,300170,-0.054255,0.0
48066,20220119,688656,-0.058932,1.0
48067,20220119,688202,-0.062377,0.0
48068,20220119,688089,-0.072086,1.0
48069,20220120,688085,0.044836,1.0
48070,20220120,688388,0.029851,1.0
48071,20220120,688599,0.019456,0.0
48072,20220120,688599,0.019456,1.0
48073,20220120,300751,0.011109,1.0
48074,20220120,300073,0.010187,1.0
48075,20220120,300073,0.010187,1.0
48076,20220120,688689,-0.000544,1.0
48077,20220120,688711,-0.008282,0.0
48078,20220120,688665,-0.014739,1.0
48079,20220120,688301,-0.015,1.0
48080,20220120,688301,-0.015,1.0
48081,20220120,688080,-0.02364,0.0
48082,20220120,300655,-0.023646,1.0
48083,20220120,300551,-0.025591,1.0
48084,20220120,300894,-0.026889,1.0
48085,20220120,300760,-0.035837,1.0
48086,20220120,300760,-0.035837,1.0
48087,20220120,300760,-0.035837,1.0
48088,20220120,300760,-0.035837,1.0
48089,20220120,300760,-0.035837,1.0
48090,20220120,300760,-0.035837,1.0
48091,20220120,300760,-0.035837,1.0
48092,20220120,301221,-0.051786,0.0
48093,20220120,300026,-0.070175,1.0
48094,20220121,688711,0.068517,1.0
48095,20220121,300207,0.056988,1.0
48096,20220121,688621,0.054119,1.0
48097,20220121,688301,0.050838,1.0
48098,20220121,300973,0.044154,1.0
48099,20220121,300973,0.044154,1.0
48100,20220121,300973,0.044154,1.0
48101,20220121,300973,0.044154,1.0
48102,20220121,300973,0.044154,1.0
48103,20220121,300687,0.043523,0.0
48104,20220121,300687,0.043523,0.0
48105,20220121,300490,0.034065,1.0
48106,20220121,688023,0.032185,1.0
48107,20220121,300896,0.031133,1.0
48108,20220121,300896,0.031133,1.0
48109,20220121,300896,0.031133,1.0
48110,20220121,300896,0.031133,1.0
48111,20220121,300896,0.031133,1.0
48112,20220121,300896,0.031133,1.0
48113,20220121,300896,0.031133,1.0
48114,20220121,300896,0.031133,1.0
48115,20220121,300896,0.031133,1.0
48116,20220121,300073,0.027251,1.0
48117,20220121,300035,0.013167,1.0
48118,20220121,688308,0.010587,1.0
48119,20220121,688308,0.010587,1.0
48120,20220121,688308,0.010587,1.0
48121,20220121,688396,0.009548,1.0
48122,20220121,300835,0.00942,1.0
48123,20220121,688383,0.008578,0.0
48124,20220121,688383,0.008578,0.0
48125,20220121,300456,0.004394,1.0
48126,20220121,300217,0.0,1.0
48127,20220121,301080,-0.001376,0.0
48128,20220121,300037,-0.003638,1.0
48129,20220121,300054,-0.005597,1.0
48130,20220121,688156,-0.006198,0.0
48131,20220121,300196,-0.006421,1.0
48132,20220121,300413,-0.006621,1.0
48133,20220121,688601,-0.010184,1.0
48134,20220121,688601,-0.010184,1.0
48135,20220121,300481,-0.010678,1.0
48136,20220121,300481,-0.010678,1.0
48137,20220121,688318,-0.013077,0.0
48138,20220121,688089,-0.016614,1.0
48139,20220121,300059,-0.019555,1.0
48140,20220121,300059,-0.019555,1.0
48141,20220121,300059,-0.019555,1.0
48142,20220121,300059,-0.019555,1.0
48143,20220121,300682,-0.038926,0.0
48144,20220121,688112,-0.04878,1.0
48145,20220121,300696,0.063334,1.0
48146,20220121,300973,0.044154,1.0
48147,20220121,301073,0.043612,1.0
48148,20220121,300035,0.013167,1.0
48149,20220121,688580,0.01255,0.0
48150,20220121,688580,0.01255,1.0
48151,20220121,300451,0.009269,1.0
48152,20220121,301080,-0.001376,1.0
48153,20220121,300413,-0.006621,1.0
48154,20220121,300144,-0.010712,1.0
48155,20220121,301052,-0.01901,0.0
48156,20220121,300059,-0.019555,1.0
48157,20220121,300219,-0.020634,1.0
48158,20220124,301078,0.024948,1.0
48159,20220124,300035,0.024042,1.0
48160,20220124,688155,0.007524,1.0
48161,20220124,301073,0.002533,1.0
48162,20220124,301073,0.002533,1.0
48163,20220124,688711,0.002437,1.0
48164,20220124,300759,-0.00237,0.0
48165,20220124,300759,-0.00237,0.0
48166,20220124,300759,-0.00237,0.0
48167,20220124,688012,-0.009008,0.0
48168,20220124,688800,-0.010264,1.0
48169,20220124,688800,-0.010264,1.0
48170,20220124,300957,-0.012446,1.0
48171,20220124,300054,-0.014071,1.0
48172,20220124,300896,-0.019629,1.0
48173,20220124,300973,-0.020589,1.0
48174,20220124,300973,-0.020589,1.0
48175,20220124,300973,-0.020589,1.0
48176,20220124,300498,-0.024378,0.0
48177,20220124,300498,-0.024378,0.0
48178,20220124,300144,-0.025478,0.0
48179,20220124,688580,-0.026247,1.0
48180,20220124,688580,-0.026247,1.0
48181,20220124,300196,-0.028202,1.0
48182,20220124,300416,-0.03252,0.0
48183,20220124,300487,-0.033684,1.0
48184,20220124,688396,-0.037494,1.0
48185,20220124,300979,-0.03819,1.0
48186,20220124,300604,-0.038222,1.0
48187,20220124,300604,-0.038222,1.0
48188,20220124,688621,-0.038969,0.0
48189,20220124,300729,-0.0404,1.0
48190,20220124,300232,-0.045564,1.0
48191,20220124,300413,-0.046911,1.0
48192,20220124,300977,-0.047343,0.0
48193,20220124,300682,-0.054749,0.0
48194,20220124,300369,-0.061549,0.0
48195,20220124,300369,-0.061549,0.0
48196,20220125,688012,0.048703,0.0
48197,20220125,688012,0.048703,1.0
48198,20220125,300223,0.041704,1.0
48199,20220125,300223,0.041704,1.0
48200,20220125,301029,0.040568,1.0
48201,20220125,300996,0.036403,0.0
48202,20220125,300996,0.036403,0.0
48203,20220125,300996,0.036403,0.0
48204,20220125,300035,0.032043,1.0
48205,20220125,300059,0.030265,1.0
48206,20220125,300059,0.030265,1.0
48207,20220125,300682,0.028369,1.0
48208,20220125,300498,0.027113,0.0
48209,20220125,688005,0.024211,1.0
48210,20220125,688037,0.022483,1.0
48211,20220125,688556,0.02146,1.0
48212,20220125,300761,0.017889,0.0
48213,20220125,300856,0.015024,1.0
48214,20220125,300896,0.010582,1.0
48215,20220125,688669,0.008489,1.0
48216,20220125,688396,0.008423,0.0
48217,20220125,688500,0.005101,1.0
48218,20220125,300476,0.003704,1.0
48219,20220125,300122,0.003626,1.0
48220,20220125,300122,0.003626,1.0
48221,20220125,300122,0.003626,1.0
48222,20220125,688315,0.002809,0.0
48223,20220125,688315,0.002809,0.0
48224,20220125,300502,0.0019,1.0
48225,20220125,300502,0.0019,1.0
48226,20220125,688356,0.001423,1.0
48227,20220125,688667,0.000329,1.0
48228,20220125,300012,0.0,0.0
48229,20220125,688288,-0.003048,1.0
48230,20220125,688116,-0.003536,1.0
48231,20220125,688050,-0.004583,0.0
48232,20220125,688050,-0.004583,1.0
48233,20220125,688050,-0.004583,1.0
48234,20220125,688016,-0.00543,0.0
48235,20220125,688131,-0.007062,0.0
48236,20220125,688131,-0.007062,0.0
48237,20220125,688131,-0.007062,0.0
48238,20220125,688608,-0.011488,0.0
48239,20220125,688608,-0.011488,1.0
48240,20220125,688111,-0.011708,1.0
48241,20220125,688598,-0.012749,1.0
48242,20220125,300613,-0.014445,0.0
48243,20220125,300144,-0.01634,0.0
48244,20220125,301129,-0.016783,1.0
48245,20220125,688032,-0.017733,1.0
48246,20220125,688032,-0.017733,1.0
48247,20220125,300894,-0.01937,1.0
48248,20220125,300894,-0.01937,1.0
48249,20220125,300894,-0.01937,1.0
48250,20220125,300894,-0.01937,1.0
48251,20220125,300413,-0.026896,0.0
48252,20220125,300841,-0.046668,1.0
48253,20220125,300841,-0.046668,1.0
48254,20220125,300841,-0.046668,1.0
48255,20220126,300384,0.011811,0.0
48256,20220126,300182,0.004934,0.0
48257,20220126,300122,0.003428,1.0
48258,20220126,300122,0.003428,1.0
48259,20220126,688793,0.003019,1.0
48260,20220126,300841,-0.00379,1.0
48261,20220126,300841,-0.00379,1.0
48262,20220126,688139,-0.006494,1.0
48263,20220126,300451,-0.006601,1.0
48264,20220126,300451,-0.006601,1.0
48265,20220126,301177,-0.006763,1.0
48266,20220126,688556,-0.013611,1.0
48267,20220126,300413,-0.014373,1.0
48268,20220126,300012,-0.016226,0.0
48269,20220126,300012,-0.016226,0.0
48270,20220126,300012,-0.016226,0.0
48271,20220126,300737,-0.021381,1.0
48272,20220126,688012,-0.022823,1.0
48273,20220126,688017,-0.022905,1.0
48274,20220126,300054,-0.023876,1.0
48275,20220126,300059,-0.026622,0.0
48276,20220126,300662,-0.028495,1.0
48277,20220126,300662,-0.028495,0.0
48278,20220126,300058,-0.031351,1.0
48279,20220126,300476,-0.031734,1.0
48280,20220126,300253,-0.032095,1.0
48281,20220126,300223,-0.0322,1.0
48282,20220126,300223,-0.0322,1.0
48283,20220126,300223,-0.0322,1.0
48284,20220126,300223,-0.0322,1.0
48285,20220126,688319,-0.033529,1.0
48286,20220126,688621,-0.034457,0.0
48287,20220126,688223,-0.036019,0.0
48288,20220126,301096,-0.036837,0.0
48289,20220126,300014,-0.037568,1.0
48290,20220126,300144,-0.037874,0.0
48291,20220126,688033,-0.038285,1.0
48292,20220126,688608,-0.038389,1.0
48293,20220126,300502,-0.04117,1.0
48294,20220126,300682,-0.041379,0.0
48295,20220126,688356,-0.042038,1.0
48296,20220126,300260,-0.042807,1.0
48297,20220126,688188,-0.04384,0.0
48298,20220126,688188,-0.04384,0.0
48299,20220126,300558,-0.044996,1.0
48300,20220126,300558,-0.044996,1.0
48301,20220126,688080,-0.051116,1.0
48302,20220126,688006,-0.052665,1.0
48303,20220126,688037,-0.053729,1.0
48304,20220126,688037,-0.053729,1.0
48305,20220126,688037,-0.053729,1.0
48306,20220126,300687,-0.057143,1.0
48307,20220126,688536,-0.059957,1.0
48308,20220126,688661,-0.064365,1.0
48309,20220126,300454,-0.064578,0.0
48310,20220126,300454,-0.064578,1.0
48311,20220126,688561,-0.068936,0.0
48312,20220126,688561,-0.068936,0.0
48313,20220126,688561,-0.068936,0.0
48314,20220126,688561,-0.068936,0.0
48315,20220127,688696,0.065062,1.0
48316,20220127,688696,0.065062,1.0
48317,20220127,688696,0.065062,1.0
48318,20220127,688696,0.065062,1.0
48319,20220127,688696,0.065062,1.0
48320,20220127,688696,0.065062,1.0
48321,20220127,688560,0.063518,0.0
48322,20220127,300151,0.061386,1.0
48323,20220127,300979,0.046053,1.0
48324,20220127,300979,0.046053,1.0
48325,20220127,300979,0.046053,1.0
48326,20220127,300979,0.046053,1.0
48327,20220127,300979,0.046053,1.0
48328,20220127,300979,0.046053,1.0
48329,20220127,300182,0.037643,0.0
48330,20220127,300124,0.02547,1.0
48331,20220127,300124,0.02547,1.0
48332,20220127,301080,0.02,0.0
48333,20220127,300957,0.018765,1.0
48334,20220127,300957,0.018765,1.0
48335,20220127,300957,0.018765,1.0
48336,20220127,300957,0.018765,1.0
48337,20220127,300957,0.018765,1.0
48338,20220127,300957,0.018765,1.0
48339,20220127,300957,0.018765,1.0
48340,20220127,300957,0.018765,1.0
48341,20220127,300957,0.018765,1.0
48342,20220127,300957,0.018765,1.0
48343,20220127,300957,0.018765,1.0
48344,20220127,300957,0.018765,1.0
48345,20220127,300957,0.018765,1.0
48346,20220127,688058,0.013621,0.0
48347,20220127,688037,0.007888,1.0
48348,20220127,300308,0.006183,1.0
48349,20220127,300308,0.006183,1.0
48350,20220127,300308,0.006183,1.0
48351,20220127,300308,0.006183,1.0
48352,20220127,300416,0.005261,0.0
48353,20220127,300319,0.005106,1.0
48354,20220127,688017,0.002697,1.0
48355,20220127,688017,0.002697,1.0
48356,20220127,300806,-0.001775,1.0
48357,20220127,300450,-0.005673,1.0
48358,20220127,300450,-0.005673,1.0
48359,20220127,300450,-0.005673,1.0
48360,20220127,688080,-0.00997,0.0
48361,20220127,688080,-0.00997,1.0
48362,20220127,300618,-0.016592,1.0
48363,20220127,300618,-0.016592,1.0
48364,20220127,300680,-0.017361,1.0
48365,20220127,300680,-0.017361,1.0
48366,20220127,688308,-0.019903,1.0
48367,20220127,301029,-0.021269,1.0
48368,20220127,300590,-0.021298,1.0
48369,20220127,300590,-0.021298,1.0
48370,20220127,300590,-0.021298,1.0
48371,20220127,300014,-0.021301,1.0
48372,20220127,688536,-0.023057,0.0
48373,20220127,688356,-0.024745,1.0
48374,20220127,300573,-0.030315,1.0
48375,20220127,300573,-0.030315,1.0
48376,20220127,300617,-0.033704,1.0
48377,20220127,300725,-0.065552,1.0
48378,20220127,300577,-0.113279,1.0
48379,20220127,301217,-0.156682,1.0
48380,20220127,688083,0.040599,0.0
48381,20220127,688083,0.040599,0.0
48382,20220127,300751,0.040369,1.0
48383,20220127,300496,0.017029,1.0
48384,20220127,300558,-0.004173,1.0
48385,20220127,300036,-0.004754,1.0
48386,20220127,300454,-0.00539,1.0
48387,20220127,300568,-0.011271,1.0
48388,20220127,688106,-0.017717,1.0
48389,20220127,688080,-0.020743,1.0
48390,20220127,688071,-0.062213,1.0
48391,20220127,688012,0.01112,1.0
48392,20220127,300661,0.071987,1.0
48393,20220127,300681,0.059673,1.0
48394,20220127,688083,0.040599,1.0
48395,20220127,688499,0.038721,1.0
48396,20220127,300059,0.027423,0.0
48397,20220127,688032,0.022556,1.0
48398,20220127,688107,0.019461,1.0
48399,20220127,688396,0.013165,1.0
48400,20220127,300979,0.007433,1.0
48401,20220127,688766,-0.000133,1.0
48402,20220127,688066,-0.02458,1.0
48403,20220127,300731,-0.039939,1.0
48404,20220127,688167,-0.158928,1.0
48405,20220207,688567,0.058682,1.0
48406,20220207,300888,0.040506,1.0
48407,20220207,300888,0.040506,1.0
48408,20220207,300888,0.040506,1.0
48409,20220207,300122,0.03648,1.0
48410,20220207,300122,0.03648,1.0
48411,20220207,300122,0.03648,1.0
48412,20220207,300647,0.028313,1.0
48413,20220207,300681,0.018802,1.0
48414,20220207,688007,0.01549,1.0
48415,20220207,300601,0.013135,1.0
48416,20220207,688256,0.008864,1.0
48417,20220207,300707,0.006977,1.0
48418,20220207,300737,0.005549,1.0
48419,20220207,300268,0.005236,1.0
48420,20220207,688159,0.004835,1.0
48421,20220207,300860,0.004186,0.0
48422,20220207,688066,-0.000163,1.0
48423,20220207,688066,-0.000163,1.0
48424,20220207,300785,-0.002463,0.0
48425,20220207,300059,-0.002793,0.0
48426,20220207,300059,-0.002793,0.0
48427,20220207,300059,-0.002793,0.0
48428,20220207,300059,-0.002793,0.0
48429,20220207,688520,-0.002941,1.0
48430,20220207,688185,-0.002959,1.0
48431,20220207,300251,-0.004028,0.0
48432,20220207,300957,-0.004793,0.0
48433,20220207,300124,-0.008964,1.0
48434,20220207,300696,-0.010625,1.0
48435,20220207,300709,-0.011815,1.0
48436,20220207,300709,-0.011815,1.0
48437,20220207,300623,-0.01578,1.0
48438,20220207,300660,-0.016667,1.0
48439,20220207,300979,-0.022928,1.0
48440,20220207,300979,-0.022928,1.0
48441,20220207,300811,-0.023681,1.0
48442,20220207,300502,-0.02478,1.0
48443,20220207,688099,-0.025934,1.0
48444,20220207,300480,-0.026316,1.0
48445,20220207,688536,-0.027927,1.0
48446,20220207,300627,-0.028165,1.0
48447,20220207,688223,-0.030986,1.0
48448,20220207,688682,-0.034327,1.0
48449,20220207,300661,-0.035593,1.0
48450,20220207,300661,-0.035593,1.0
48451,20220207,301029,-0.036951,1.0
48452,20220207,300487,-0.057447,1.0
48453,20220207,300750,-0.066582,0.0
48454,20220207,300750,-0.066582,0.0
48455,20220207,688696,-0.07308,1.0
48456,20220207,688559,-0.074111,1.0
48457,20220207,688556,-0.078025,1.0
48458,20220207,300450,-0.101883,1.0
48459,20220208,300674,0.086597,0.0
48460,20220208,300026,0.074313,1.0
48461,20220208,688066,0.053171,1.0
48462,20220208,300661,0.039297,1.0
48463,20220208,688155,0.026466,1.0
48464,20220208,300053,0.023702,1.0
48465,20220208,300633,0.012094,1.0
48466,20220208,688110,0.007188,1.0
48467,20220208,300083,0.004874,1.0
48468,20220208,301099,0.004528,1.0
48469,20220208,300593,-0.003484,1.0
48470,20220208,688690,-0.012687,1.0
48471,20220209,301073,0.031291,1.0
48472,20220209,300390,0.019789,1.0
48473,20220209,688036,0.01821,1.0
48474,20220209,300260,0.007211,1.0
48475,20220209,688106,0.004171,1.0
48476,20220209,688106,0.004171,1.0
48477,20220209,300888,0.003057,1.0
48478,20220209,300888,0.003057,1.0
48479,20220209,300316,-0.002272,1.0
48480,20220209,300699,-0.010322,1.0
48481,20220209,300986,-0.011929,1.0
48482,20220209,300381,-0.012727,1.0
48483,20220209,301188,-0.013705,1.0
48484,20220209,300083,-0.02021,1.0
48485,20220209,688280,-0.021339,1.0
48486,20220209,688296,-0.035047,1.0
48487,20220209,300957,-0.04644,1.0
48488,20220209,300750,-0.05318,0.0
48489,20220209,688388,-0.059447,1.0
48490,20220209,688223,-0.099458,1.0
48491,20220210,300618,0.013898,1.0
48492,20220210,688567,-0.004403,1.0
48493,20220210,688396,-0.011208,1.0
48494,20220210,300059,-0.012757,0.0
48495,20220210,300223,-0.018627,1.0
48496,20220210,688628,-0.021099,1.0
48497,20220210,300007,-0.025968,1.0
48498,20220210,300708,-0.027582,1.0
48499,20220210,300394,-0.027913,1.0
48500,20220210,300394,-0.027913,1.0
48501,20220210,300394,-0.027913,1.0
48502,20220210,300888,-0.034058,1.0
48503,20220210,301073,-0.034111,1.0
48504,20220210,300725,-0.037157,1.0
48505,20220210,688008,-0.040923,1.0
48506,20220210,688008,-0.040923,1.0
48507,20220210,688296,-0.042772,1.0
48508,20220210,688276,-0.043487,1.0
48509,20220210,300896,-0.049599,1.0
48510,20220210,300896,-0.049599,1.0
48511,20220210,300308,-0.051856,1.0
48512,20220210,300750,-0.054256,1.0
48513,20220216,300275,0.0625,1.0
48514,20220216,688187,0.036804,1.0
48515,20220216,688082,0.019065,1.0
48516,20220216,688003,0.018658,1.0
48517,20220216,300751,0.017099,1.0
48518,20220216,688179,0.010608,1.0
48519,20220216,688002,0.009524,1.0
48520,20220216,688981,-0.012238,1.0
48521,20220216,688981,-0.012238,1.0
48522,20220216,688257,-0.018141,1.0
48523,20220216,688618,-0.024883,1.0
48524,20220216,688156,-0.026506,1.0
48525,20220216,688658,-0.029845,1.0
48526,20220216,301073,-0.041057,1.0
48527,20220217,300229,0.055659,0.0
48528,20220217,300083,0.012167,1.0
48529,20220217,688139,0.004085,1.0
48530,20220217,688105,-0.018304,1.0
48531,20220217,688239,-0.020521,1.0
48532,20220217,688595,-0.043922,1.0
48533,20220218,300065,0.061518,1.0
48534,20220218,688300,0.016583,1.0
48535,20220218,300993,0.012505,1.0
48536,20220218,688083,-0.001472,1.0
48537,20220218,300408,-0.011561,1.0
48538,20220218,688556,-0.020548,1.0
48539,20220218,301206,-0.028611,1.0
48540,20220218,688595,-0.053474,1.0
48541,20220218,300413,-0.011653,1.0
48542,20220218,688408,-0.012346,1.0
48543,20220221,688261,0.079646,1.0
48544,20220221,300217,0.009843,1.0
48545,20220221,300083,0.009002,1.0
48546,20220221,300083,0.009002,1.0
48547,20220221,300083,0.009002,1.0
48548,20220221,300065,-0.003699,1.0
48549,20220221,300708,-0.005821,1.0
48550,20220221,300760,-0.01028,1.0
48551,20220221,301188,-0.028241,1.0
48552,20220221,300035,-0.037919,1.0
48553,20220221,300394,-0.041333,1.0
48554,20220222,688082,0.115155,1.0
48555,20220222,688082,0.115155,1.0
48556,20220222,688789,0.093188,1.0
48557,20220222,688789,0.093188,1.0
48558,20220222,688516,0.079187,1.0
48559,20220222,688516,0.079187,1.0
48560,20220222,300496,0.07516,0.0
48561,20220222,300034,0.073214,1.0
48562,20220222,300724,0.068979,1.0
48563,20220222,300428,0.058099,1.0
48564,20220222,300014,0.040047,1.0
48565,20220222,301078,0.031915,1.0
48566,20220222,688768,0.031042,1.0
48567,20220222,688188,0.030652,1.0
48568,20220222,688519,0.024654,1.0
48569,20220222,688568,0.00927,1.0
48570,20220222,300920,0.007499,1.0
48571,20220222,300979,-0.000368,1.0
48572,20220223,688516,0.052772,1.0
48573,20220223,688686,0.048657,1.0
48574,20220223,688037,0.006235,1.0
48575,20220223,300035,0.004783,1.0
48576,20220223,300568,0.001099,1.0
48577,20220223,688556,-0.002163,1.0
48578,20220223,300919,-0.003953,1.0
48579,20220223,301080,-0.009274,0.0
48580,20220223,689009,-0.009374,1.0
48581,20220223,688611,-0.010584,1.0
48582,20220223,688308,-0.014673,1.0
48583,20220223,300750,-0.021773,1.0
48584,20220223,688521,-0.024515,1.0
48585,20220223,688789,-0.027045,1.0
48586,20220223,688300,-0.028143,1.0
48587,20220223,300973,-0.029231,1.0
48588,20220223,300887,-0.030013,1.0
48589,20220223,688003,-0.030678,1.0
48590,20220223,688626,-0.038831,1.0
48591,20220223,688626,-0.038831,1.0
48592,20220223,300999,-0.039919,1.0
48593,20220223,300999,-0.039919,1.0
48594,20220223,300999,-0.039919,1.0
48595,20220223,300708,-0.04195,1.0
48596,20220224,688550,0.050445,1.0
48597,20220224,688308,0.042409,1.0
48598,20220224,688185,0.028449,1.0
48599,20220224,300638,0.028384,1.0
48600,20220224,300413,0.026048,0.0
48601,20220224,300791,0.02545,1.0
48602,20220224,688305,0.015448,1.0
48603,20220224,688516,0.013095,1.0
48604,20220224,688516,0.013095,1.0
48605,20220224,688516,0.013095,1.0
48606,20220224,688023,0.012371,1.0
48607,20220224,688766,0.011694,1.0
48608,20220224,688766,0.011694,1.0
48609,20220224,300707,0.011547,1.0
48610,20220224,688800,0.010816,1.0
48611,20220224,300782,0.01057,1.0
48612,20220224,688012,0.005824,1.0
48613,20220224,300967,0.002534,0.0
48614,20220224,688396,0.000517,1.0
48615,20220224,688368,-0.000208,1.0
48616,20220224,688686,-0.007768,1.0
48617,20220224,688030,-0.018068,1.0
48618,20220225,688267,0.086768,1.0
48619,20220225,688677,0.041372,1.0
48620,20220225,688677,0.041372,1.0
48621,20220225,688677,0.041372,1.0
48622,20220225,688777,0.039201,1.0
48623,20220225,688777,0.039201,1.0
48624,20220225,688777,0.039201,1.0
48625,20220225,688777,0.039201,1.0
48626,20220225,688080,0.037459,1.0
48627,20220225,300775,0.028446,1.0
48628,20220225,300666,0.017114,1.0
48629,20220225,688050,0.0151,1.0
48630,20220225,688017,0.00201,1.0
48631,20220225,300498,0.0,0.0
48632,20220225,300498,0.0,0.0
48633,20220225,688617,-0.015956,1.0
48634,20220225,300957,-0.016744,1.0
48635,20220225,688368,-0.022729,1.0
48636,20220225,688169,-0.023267,1.0
48637,20220225,688169,-0.023267,1.0
48638,20220225,688169,-0.023267,1.0
48639,20220225,688169,-0.023267,1.0
48640,20220225,688169,-0.023267,1.0
48641,20220225,688016,-0.031352,1.0
48642,20220225,688016,-0.031352,1.0
48643,20220225,688036,-0.032714,1.0
48644,20220225,688696,-0.049568,1.0
48645,20220225,688696,-0.049568,1.0
48646,20220225,688696,-0.049568,1.0
48647,20220225,688696,-0.049568,1.0
48648,20220225,300993,-0.061973,1.0
48649,20220225,688680,0.048692,1.0
48650,20220225,688598,0.040256,1.0
48651,20220225,688598,0.040256,1.0
48652,20220225,688777,0.039201,1.0
48653,20220225,688777,0.039201,1.0
48654,20220225,688533,0.030942,1.0
48655,20220225,688533,0.030942,1.0
48656,20220225,688793,0.026372,1.0
48657,20220225,688596,0.022176,1.0
48658,20220225,688099,0.021116,1.0
48659,20220225,688007,0.019833,1.0
48660,20220225,688059,0.017999,1.0
48661,20220225,688059,0.017999,1.0
48662,20220225,688083,0.017786,1.0
48663,20220225,688363,0.01143,1.0
48664,20220225,688363,0.01143,1.0
48665,20220225,688363,0.01143,1.0
48666,20220225,688363,0.01143,1.0
48667,20220225,688111,0.009899,1.0
48668,20220225,688676,0.006237,1.0
48669,20220225,689009,0.005995,1.0
48670,20220225,300982,-0.002323,1.0
48671,20220225,688518,-0.00338,1.0
48672,20220225,688234,-0.003496,1.0
48673,20220225,300286,-0.007509,1.0
48674,20220225,688200,-0.00903,1.0
48675,20220225,688550,-0.010505,1.0
48676,20220225,688029,-0.011306,1.0
48677,20220225,688368,-0.022729,1.0
48678,20220225,688036,-0.032714,1.0
48679,20220225,688696,-0.049568,1.0
48680,20220225,688667,-0.051646,1.0
48681,20220225,688021,-0.058523,1.0
48682,20220228,300498,0.053874,1.0
48683,20220228,688621,0.046001,1.0
48684,20220228,300428,0.043154,1.0
48685,20220228,300428,0.043154,1.0
48686,20220228,688059,0.04017,1.0
48687,20220228,300059,0.026178,1.0
48688,20220228,688033,0.02432,1.0
48689,20220228,688356,0.024313,1.0
48690,20220228,688356,0.024313,1.0
48691,20220228,688202,0.02266,1.0
48692,20220228,688187,0.022327,1.0
48693,20220228,688187,0.022327,1.0
48694,20220228,688078,0.020408,1.0
48695,20220228,688058,0.019869,1.0
48696,20220228,688083,0.0177,1.0
48697,20220228,688690,0.017468,1.0
48698,20220228,688390,0.015828,1.0
48699,20220228,688162,0.015695,1.0
48700,20220228,301009,0.01464,1.0
48701,20220228,688023,0.013418,1.0
48702,20220228,688023,0.013418,1.0
48703,20220228,688533,0.013267,1.0
48704,20220228,301177,0.011608,1.0
48705,20220228,688066,0.009509,1.0
48706,20220228,688389,0.008296,1.0
48707,20220228,688110,0.008277,1.0
48708,20220228,301129,0.008122,1.0
48709,20220228,688777,0.005336,1.0
48710,20220228,688239,0.004872,1.0
48711,20220228,688296,0.004487,1.0
48712,20220228,688166,0.002745,1.0
48713,20220228,688166,0.002745,1.0
48714,20220228,688167,0.002661,1.0
48715,20220228,688167,0.002661,1.0
48716,20220228,300596,0.002522,1.0
48717,20220228,300596,0.002522,1.0
48718,20220228,300596,0.002522,1.0
48719,20220228,301047,-0.000199,0.0
48720,20220228,301047,-0.000199,0.0
48721,20220228,688665,-0.001387,1.0
48722,20220228,300413,-0.001465,0.0
48723,20220228,300320,-0.001975,1.0
48724,20220228,688021,-0.004172,1.0
48725,20220228,688369,-0.005084,1.0
48726,20220228,688369,-0.005084,1.0
48727,20220228,688369,-0.005084,1.0
48728,20220228,300674,-0.008072,0.0
48729,20220228,688005,-0.008136,1.0
48730,20220228,688772,-0.008174,1.0
48731,20220228,688561,-0.008276,1.0
48732,20220228,688028,-0.01084,1.0
48733,20220228,688518,-0.011306,1.0
48734,20220228,300443,-0.012045,1.0
48735,20220228,688185,-0.015083,1.0
48736,20220228,688398,-0.01591,1.0
48737,20220228,688002,-0.016233,1.0
48738,20220228,688029,-0.016597,1.0
48739,20220228,301071,-0.017529,1.0
48740,20220228,301071,-0.017529,1.0
48741,20220228,301071,-0.017529,1.0
48742,20220228,301071,-0.017529,1.0
48743,20220228,301071,-0.017529,1.0
48744,20220228,300662,-0.017925,1.0
48745,20220228,688363,-0.018566,1.0
48746,20220228,688363,-0.018566,1.0
48747,20220228,688363,-0.018566,1.0
48748,20220228,688363,-0.018566,1.0
48749,20220228,688383,-0.024524,1.0
48750,20220228,688200,-0.024934,1.0
48751,20220228,688169,-0.025256,1.0
48752,20220228,688169,-0.025256,1.0
48753,20220228,688105,-0.025782,1.0
48754,20220228,688105,-0.025782,1.0
48755,20220228,688232,-0.026927,1.0
48756,20220228,688298,-0.027006,1.0
48757,20220228,688100,-0.027284,1.0
48758,20220228,688793,-0.030139,1.0
48759,20220228,688208,-0.031945,1.0
48760,20220228,688208,-0.031945,1.0
48761,20220228,688598,-0.033416,1.0
48762,20220228,688598,-0.033416,1.0
48763,20220228,688733,-0.036095,1.0
48764,20220228,688111,-0.042444,1.0
48765,20220228,688111,-0.042444,1.0
48766,20220301,301071,0.050997,1.0
48767,20220301,301071,0.050997,1.0
48768,20220301,301071,0.050997,1.0
48769,20220301,301071,0.050997,1.0
48770,20220301,688682,0.027778,0.0
48771,20220301,688369,0.023598,1.0
48772,20220301,688234,0.011548,1.0
48773,20220301,300048,0.006274,1.0
48774,20220301,688526,0.00622,1.0
48775,20220301,688526,0.00622,1.0
48776,20220301,688023,0.004894,1.0
48777,20220301,688122,0.004503,1.0
48778,20220301,300653,0.003852,1.0
48779,20220301,300653,0.003852,1.0
48780,20220301,300653,0.003852,1.0
48781,20220301,301177,0.002335,1.0
48782,20220301,301177,0.002335,1.0
48783,20220301,688036,0.000677,1.0
48784,20220301,688100,-0.00122,1.0
48785,20220301,688259,-0.005276,0.0
48786,20220301,300685,-0.006997,1.0
48787,20220301,688169,-0.007412,1.0
48788,20220301,300363,-0.009995,1.0
48789,20220301,300363,-0.009995,1.0
48790,20220301,300363,-0.009995,1.0
48791,20220301,300596,-0.011111,1.0
48792,20220301,300596,-0.011111,1.0
48793,20220301,300124,-0.012078,1.0
48794,20220301,688200,-0.012404,1.0
48795,20220301,688200,-0.012404,1.0
48796,20220301,300679,-0.012711,1.0
48797,20220301,300443,-0.013112,1.0
48798,20220301,688233,-0.013429,1.0
48799,20220301,688208,-0.013946,1.0
48800,20220301,688208,-0.013946,1.0
48801,20220301,688793,-0.01475,1.0
48802,20220301,688621,-0.015492,0.0
48803,20220301,301047,-0.01685,0.0
48804,20220301,688368,-0.01726,1.0
48805,20220301,300662,-0.017846,1.0
48806,20220301,300662,-0.017846,0.0
48807,20220301,300033,-0.017945,1.0
48808,20220301,688111,-0.020424,0.0
48809,20220301,688111,-0.020424,0.0
48810,20220301,688508,-0.029204,1.0
48811,20220301,688089,-0.029251,1.0
48812,20220301,688155,-0.035671,1.0
48813,20220301,688598,-0.035714,1.0
48814,20220301,301235,-0.044933,1.0
48815,20220301,688107,-0.045462,1.0
48816,20220301,300171,-0.046805,1.0
48817,20220301,688105,-0.052494,0.0
48818,20220301,688201,-0.094465,1.0
48819,20220302,300171,0.033408,1.0
48820,20220302,688200,0.020724,1.0
48821,20220302,688200,0.020724,1.0
48822,20220302,688200,0.020724,1.0
48823,20220302,301071,0.012027,1.0
48824,20220302,688621,0.001523,1.0
48825,20220302,300628,0.000753,1.0
48826,20220302,300692,-0.003275,1.0
48827,20220302,688092,-0.004094,1.0
48828,20220302,300033,-0.011774,0.0
48829,20220302,300033,-0.011774,1.0
48830,20220302,300033,-0.011774,0.0
48831,20220302,688793,-0.013227,1.0
48832,20220302,688793,-0.013227,1.0
48833,20220302,300498,-0.01609,0.0
48834,20220302,688356,-0.016666,1.0
48835,20220302,301177,-0.017425,1.0
48836,20220302,301177,-0.017425,1.0
48837,20220302,301177,-0.017425,1.0
48838,20220302,688233,-0.019081,1.0
48839,20220302,300674,-0.022727,0.0
48840,20220302,300413,-0.023188,0.0
48841,20220302,300413,-0.023188,1.0
48842,20220302,300994,-0.030285,1.0
48843,20220302,688366,-0.030326,1.0
48844,20220302,688056,-0.031983,1.0
48845,20220302,688100,-0.033781,1.0
48846,20220302,688065,-0.040165,1.0
48847,20220302,300568,-0.040888,1.0
48848,20220302,300568,-0.040888,1.0
48849,20220302,300568,-0.040888,1.0
48850,20220302,300568,-0.040888,1.0
48851,20220302,688082,-0.045084,1.0
48852,20220302,688082,-0.045084,1.0
48853,20220302,688082,-0.045084,1.0
48854,20220302,688680,-0.056,1.0
48855,20220302,688533,-0.074627,1.0
48856,20220303,688110,0.031135,1.0
48857,20220303,300122,0.022872,1.0
48858,20220303,688200,0.018346,1.0
48859,20220303,300363,0.018278,1.0
48860,20220303,688389,0.013356,1.0
48861,20220303,300628,0.008024,1.0
48862,20220303,688173,0.005392,0.0
48863,20220303,301047,0.004255,0.0
48864,20220303,688187,0.000805,1.0
48865,20220303,688265,-0.002831,1.0
48866,20220303,300118,-0.003913,1.0
48867,20220303,688100,-0.005897,1.0
48868,20220303,300124,-0.012179,1.0
48869,20220303,301030,-0.013805,1.0
48870,20220303,688533,-0.015895,1.0
48871,20220303,300653,-0.016655,1.0
48872,20220303,300873,-0.020703,1.0
48873,20220303,688112,-0.023881,1.0
48874,20220303,688111,-0.028974,1.0
48875,20220303,688021,-0.034415,1.0
48876,20220303,688598,-0.052882,1.0
48877,20220303,300207,-0.074238,1.0
48878,20220304,301071,0.031069,1.0
48879,20220304,688180,0.022857,1.0
48880,20220304,300628,0.005721,1.0
48881,20220304,300596,-0.011251,1.0
48882,20220304,688665,-0.018722,1.0
48883,20220304,300095,-0.01919,1.0
48884,20220304,300687,-0.022993,1.0
48885,20220304,688082,-0.024319,1.0
48886,20220304,300979,-0.030557,1.0
48887,20220304,300979,-0.030557,1.0
48888,20220304,300979,-0.030557,1.0
48889,20220304,300979,-0.030557,1.0
48890,20220304,300979,-0.030557,1.0
48891,20220304,300033,-0.035523,1.0
48892,20220304,300033,-0.035523,1.0
48893,20220304,688126,-0.039207,1.0
48894,20220304,300502,-0.041467,1.0
48895,20220304,300890,-0.04989,1.0
48896,20220304,300496,-0.089882,1.0
48897,20220304,300496,-0.089882,1.0
48898,20220304,300496,-0.089882,1.0
48899,20220304,300496,-0.089882,1.0
48900,20220304,300979,-0.030557,1.0
48901,20220304,300373,-0.030642,1.0
48902,20220304,300033,-0.035523,1.0
48903,20220304,300568,-0.038177,1.0
48904,20220304,300791,-0.055652,1.0
48905,20220304,688368,-0.059256,0.0
48906,20220304,300496,-0.089882,1.0
48907,20220304,300496,-0.089882,0.0
48908,20220304,300496,-0.089882,1.0
48909,20220304,688131,-0.102132,0.0
48910,20220307,688131,0.055179,0.0
48911,20220307,300769,0.032276,1.0
48912,20220307,688308,0.00885,1.0
48913,20220307,300363,-0.018666,1.0
48914,20220307,688595,-0.026948,1.0
48915,20220307,300143,-0.027211,1.0
48916,20220307,300496,-0.030139,1.0
48917,20220307,300496,-0.030139,1.0
48918,20220307,300496,-0.030139,1.0
48919,20220307,300496,-0.030139,1.0
48920,20220307,300496,-0.030139,1.0
48921,20220307,300496,-0.030139,1.0
48922,20220307,300496,-0.030139,1.0
48923,20220307,300568,-0.036615,1.0
48924,20220307,300979,-0.040039,1.0
48925,20220307,301117,-0.056239,1.0
48926,20220307,300146,-0.067804,1.0
48927,20220307,300146,-0.067804,1.0
48928,20220307,300146,-0.067804,1.0
48929,20220307,300146,-0.067804,1.0
48930,20220308,688281,0.115576,1.0
48931,20220308,688200,0.063638,1.0
48932,20220308,688167,0.039074,1.0
48933,20220308,300772,0.026931,1.0
48934,20220308,688180,0.02237,1.0
48935,20220308,300896,0.021787,1.0
48936,20220308,300896,0.021787,1.0
48937,20220308,300896,0.021787,1.0
48938,20220308,300896,0.021787,1.0
48939,20220308,300896,0.021787,1.0
48940,20220308,300896,0.021787,1.0
48941,20220308,300896,0.021787,1.0
48942,20220308,300896,0.021787,1.0
48943,20220308,300896,0.021787,1.0
48944,20220308,300896,0.021787,1.0
48945,20220308,688188,0.02025,0.0
48946,20220308,300308,0.018359,1.0
48947,20220308,301071,0.017936,1.0
48948,20220308,300143,-0.001748,0.0
48949,20220308,688789,-0.003511,1.0
48950,20220308,688789,-0.003511,1.0
48951,20220308,688159,-0.008681,1.0
48952,20220308,688066,-0.016767,0.0
48953,20220308,300705,-0.022148,1.0
48954,20220308,688223,-0.025559,1.0
48955,20220308,688131,-0.044528,1.0
48956,20220308,300979,-0.051978,1.0
48957,20220309,300568,0.064604,1.0
48958,20220309,300772,0.064553,1.0
48959,20220309,300772,0.064553,1.0
48960,20220309,688131,0.064,0.0
48961,20220309,688105,0.060727,1.0
48962,20220309,688223,0.057377,1.0
48963,20220309,300430,0.051827,1.0
48964,20220309,300656,0.045949,1.0
48965,20220309,300316,0.03708,1.0
48966,20220309,300316,0.03708,1.0
48967,20220309,300217,0.03299,1.0
48968,20220309,300001,0.025424,1.0
48969,20220309,688089,0.020155,1.0
48970,20220309,300008,0.006424,0.0
48971,20220309,300496,0.00514,1.0
48972,20220309,300496,0.00514,1.0
48973,20220309,300143,-0.002627,1.0
48974,20220309,300143,-0.002627,0.0
48975,20220309,300896,-0.022727,1.0
48976,20220309,300896,-0.022727,1.0
48977,20220309,688556,-0.035961,1.0
48978,20220309,688789,-0.056427,1.0
48979,20220310,301080,0.084763,1.0
48980,20220310,688617,0.038296,1.0
48981,20220310,688233,0.026557,1.0
48982,20220310,688561,0.021383,0.0
48983,20220310,688561,0.021383,0.0
48984,20220310,688083,0.01833,1.0
48985,20220310,688363,0.017238,1.0
48986,20220310,688779,0.016393,1.0
48987,20220310,688270,0.016166,1.0
48988,20220310,300918,0.016115,1.0
48989,20220310,688772,0.010213,1.0
48990,20220310,300143,0.00878,0.0
48991,20220310,300285,0.008581,1.0
48992,20220310,300285,0.008581,1.0
48993,20220310,300059,0.002037,1.0
48994,20220310,688357,0.000563,1.0
48995,20220310,300687,0.0,1.0
48996,20220310,688037,-0.00043,1.0
48997,20220310,688037,-0.00043,1.0
48998,20220310,688037,-0.00043,1.0
48999,20220310,688037,-0.00043,1.0
49000,20220310,688037,-0.00043,1.0
49001,20220310,688188,-0.000495,0.0
49002,20220310,688677,-0.001368,1.0
49003,20220310,300316,-0.001589,1.0
49004,20220310,300679,-0.004,1.0
49005,20220310,300769,-0.005583,1.0
49006,20220310,688156,-0.008503,1.0
49007,20220310,300363,-0.010652,1.0
49008,20220310,300363,-0.010652,1.0
49009,20220310,300363,-0.010652,1.0
49010,20220310,300772,-0.012453,1.0
49011,20220310,688281,-0.015929,1.0
49012,20220310,300896,-0.049091,1.0
49013,20220311,300363,0.011866,1.0
49014,20220311,300772,0.005482,1.0
49015,20220311,300504,-0.010246,1.0
49016,20220311,300073,-0.010328,1.0
49017,20220311,300285,-0.012762,1.0
49018,20220311,300856,-0.012935,1.0
49019,20220311,301206,-0.015555,1.0
49020,20220311,688981,-0.02312,1.0
49021,20220311,300054,-0.023844,1.0
49022,20220311,688690,-0.024026,1.0
49023,20220311,688690,-0.024026,1.0
49024,20220311,300308,-0.025148,1.0
49025,20220311,688233,-0.025174,1.0
49026,20220311,688187,-0.026772,1.0
49027,20220311,300759,-0.028933,0.0
49028,20220311,300759,-0.028933,0.0
49029,20220311,300759,-0.028933,0.0
49030,20220311,300751,-0.029257,1.0
49031,20220311,300751,-0.029257,1.0
49032,20220311,300751,-0.029257,1.0
49033,20220311,300751,-0.029257,1.0
49034,20220311,300751,-0.029257,1.0
49035,20220311,300751,-0.029257,1.0
49036,20220311,300751,-0.029257,1.0
49037,20220311,300751,-0.029257,1.0
49038,20220311,301122,-0.035339,1.0
49039,20220311,300347,-0.039939,0.0
49040,20220311,300347,-0.039939,0.0
49041,20220311,300450,-0.040047,1.0
49042,20220311,300327,-0.042808,1.0
49043,20220311,300059,-0.044715,1.0
49044,20220311,688037,-0.048263,1.0
49045,20220311,300896,-0.048401,1.0
49046,20220311,300409,-0.05075,1.0
49047,20220311,300151,-0.051168,1.0
49048,20220311,688617,-0.059535,1.0
49049,20220311,300014,-0.063819,1.0
49050,20220311,688018,-0.068979,0.0
49051,20220311,300871,-0.070833,1.0
49052,20220311,300705,-0.071429,1.0
49053,20220311,300705,-0.071429,1.0
49054,20220311,688363,-0.07486,1.0
49055,20220311,688363,-0.07486,1.0
49056,20220311,688363,-0.07486,1.0
49057,20220311,688363,-0.07486,1.0
49058,20220311,688363,-0.07486,1.0
49059,20220311,688363,-0.07486,1.0
49060,20220311,688363,-0.07486,1.0
49061,20220311,688105,0.135949,0.0
49062,20220311,301177,0.052255,1.0
49063,20220311,688083,0.031309,1.0
49064,20220311,300568,0.02485,1.0
49065,20220311,688598,0.016222,1.0
49066,20220311,688636,-0.007697,1.0
49067,20220311,688012,-0.016963,1.0
49068,20220311,300373,-0.021533,1.0
49069,20220311,300054,-0.023844,1.0
49070,20220311,688690,-0.024026,1.0
49071,20220311,688690,-0.024026,1.0
49072,20220311,688022,-0.027491,1.0
49073,20220311,300751,-0.029257,1.0
49074,20220311,300751,-0.029257,1.0
49075,20220311,688180,-0.032034,1.0
49076,20220311,688162,-0.034137,1.0
49077,20220311,300567,-0.039831,1.0
49078,20220311,688357,-0.041664,1.0
49079,20220311,688037,-0.048263,1.0
49080,20220311,300896,-0.048401,1.0
49081,20220311,300842,-0.051176,1.0
49082,20220311,300674,-0.05122,1.0
49083,20220311,688363,-0.07486,1.0
49084,20220311,688363,-0.07486,1.0
49085,20220311,688363,-0.07486,1.0
49086,20220311,688363,-0.07486,1.0
49087,20220311,688363,-0.07486,1.0
49088,20220311,688363,-0.07486,1.0
49089,20220311,688608,-0.078947,1.0
49090,20220314,688536,0.032771,1.0
49091,20220314,688536,0.032771,0.0
49092,20220314,688536,0.032771,0.0
49093,20220314,688116,0.030937,1.0
49094,20220314,300571,0.000217,0.0
49095,20220314,300073,-0.008058,1.0
49096,20220314,300496,-0.008468,1.0
49097,20220314,300751,-0.019885,1.0
49098,20220314,688670,-0.021229,1.0
49099,20220314,688012,-0.021886,1.0
49100,20220314,688690,-0.024617,1.0
49101,20220314,688363,-0.029365,1.0
49102,20220314,300065,-0.034589,1.0
49103,20220314,688617,-0.035608,1.0
49104,20220314,688058,-0.044807,1.0
49105,20220314,300896,-0.044882,1.0
49106,20220314,688018,-0.048797,0.0
49107,20220314,688018,-0.048797,0.0
49108,20220314,301177,-0.05457,1.0
49109,20220314,301122,-0.054951,1.0
49110,20220314,688658,-0.059426,1.0
49111,20220314,301101,-0.074332,1.0
49112,20220314,688298,-0.093053,1.0
49113,20220315,300073,0.092023,1.0
49114,20220315,688200,0.082357,1.0
49115,20220315,300772,0.076457,1.0
49116,20220315,688037,0.07262,1.0
49117,20220315,688037,0.07262,1.0
49118,20220315,688037,0.07262,1.0
49119,20220315,300409,0.065814,1.0
49120,20220315,688536,0.061609,1.0
49121,20220315,688536,0.061609,1.0
49122,20220315,688363,0.049611,1.0
49123,20220315,688689,0.048347,1.0
49124,20220315,300751,0.038808,1.0
49125,20220315,300751,0.038808,1.0
49126,20220315,300751,0.038808,1.0
49127,20220315,688598,0.032759,1.0
49128,20220315,301221,0.025145,1.0
49129,20220315,688516,0.018041,1.0
49130,20220315,300474,0.016131,1.0
49131,20220315,688008,0.006469,1.0
49132,20220315,301096,0.005625,0.0
49133,20220315,301096,0.005625,0.0
49134,20220315,688626,0.004472,1.0
49135,20220315,688281,-0.02686,1.0
49136,20220316,300122,0.067226,1.0
49137,20220316,688339,0.048738,1.0
49138,20220316,688033,0.048549,1.0
49139,20220316,300223,0.046519,1.0
49140,20220316,688690,0.041247,1.0
49141,20220316,688220,0.034624,1.0
49142,20220316,688586,0.031613,1.0
49143,20220316,300075,0.020417,0.0
49144,20220316,300496,0.019693,1.0
49145,20220316,688536,0.011953,0.0
49146,20220316,688018,0.009155,0.0
49147,20220316,688005,0.008192,1.0
49148,20220316,300919,0.004688,1.0
49149,20220316,300919,0.004688,1.0
49150,20220316,300596,0.002331,1.0
49151,20220316,300204,0.0,1.0
49152,20220316,300567,0.0,1.0
49153,20220316,301101,-0.001901,1.0
49154,20220316,301080,-0.016942,1.0
49155,20220316,688303,-0.017544,1.0
49156,20220316,300393,-0.089642,1.0
49157,20220317,688180,0.114289,1.0
49158,20220317,688180,0.114289,1.0
49159,20220317,688180,0.114289,1.0
49160,20220317,688180,0.114289,1.0
49161,20220317,300688,0.094166,0.0
49162,20220317,300627,0.028117,1.0
49163,20220317,688276,0.025475,1.0
49164,20220317,688276,0.025475,1.0
49165,20220317,300319,0.020813,1.0
49166,20220317,300957,0.02019,1.0
49167,20220317,301087,0.009298,1.0
49168,20220317,688303,0.009014,1.0
49169,20220317,300803,0.006432,1.0
49170,20220317,688301,0.001979,1.0
49171,20220317,688301,0.001979,1.0
49172,20220317,301080,0.00059,1.0
49173,20220317,300182,-0.001748,1.0
49174,20220317,300083,-0.005728,1.0
49175,20220317,688190,-0.011052,1.0
49176,20220317,688516,-0.017232,1.0
49177,20220317,688536,-0.02387,0.0
49178,20220317,688008,-0.025762,1.0
49179,20220317,688082,-0.030996,1.0
49180,20220317,300777,-0.032027,1.0
49181,20220317,688239,-0.034353,1.0
49182,20220317,688239,-0.034353,1.0
49183,20220317,688296,-0.044099,1.0
49184,20220318,688276,0.058754,1.0
49185,20220318,688276,0.058754,1.0
49186,20220318,688508,0.051179,1.0
49187,20220318,688508,0.051179,0.0
49188,20220318,300453,0.031963,1.0
49189,20220318,301096,0.030956,1.0
49190,20220318,300474,0.029748,1.0
49191,20220318,300474,0.029748,1.0
49192,20220318,688363,0.02632,1.0
49193,20220318,300919,0.026057,1.0
49194,20220318,300919,0.026057,1.0
49195,20220318,300919,0.026057,1.0
49196,20220318,301179,0.018478,1.0
49197,20220318,688169,0.016828,1.0
49198,20220318,688123,0.013189,1.0
49199,20220318,300498,0.010557,0.0
49200,20220318,688198,0.006443,1.0
49201,20220318,688776,0.005784,1.0
49202,20220318,300751,-0.000934,1.0
49203,20220318,300751,-0.000934,1.0
49204,20220318,300751,-0.000934,1.0
49205,20220318,300751,-0.000934,1.0
49206,20220318,688111,-0.014535,1.0
49207,20220318,300571,-0.020619,1.0
49208,20220318,688082,-0.028841,1.0
49209,20220318,688059,-0.029083,1.0
49210,20220318,688059,-0.029083,1.0
49211,20220318,688059,-0.029083,1.0
49212,20220318,688301,-0.049383,1.0
49213,20220318,688003,0.096255,1.0
49214,20220318,688508,0.051179,1.0
49215,20220318,688508,0.051179,0.0
49216,20220318,688058,0.049198,1.0
49217,20220318,688021,0.026964,1.0
49218,20220318,300919,0.026057,1.0
49219,20220318,301055,0.023269,1.0
49220,20220318,301166,0.021966,1.0
49221,20220318,688330,0.016497,1.0
49222,20220318,688303,-0.00236,1.0
49223,20220318,688303,-0.00236,1.0
49224,20220318,688239,-0.009126,1.0
49225,20220318,300059,-0.036168,1.0
49226,20220318,300059,-0.036168,0.0
49227,20220318,300059,-0.036168,1.0
49228,20220318,300059,-0.036168,1.0
49229,20220318,300059,-0.036168,1.0
49230,20220318,688301,-0.049383,1.0
49231,20220321,688559,0.05598,1.0
49232,20220321,300354,0.042085,1.0
49233,20220321,688508,0.012754,1.0
49234,20220321,688508,0.012754,1.0
49235,20220321,688301,0.00987,1.0
49236,20220321,689009,0.005211,1.0
49237,20220321,300474,0.003889,1.0
49238,20220321,300059,0.002794,0.0
49239,20220321,300059,0.002794,1.0
49240,20220321,300059,0.002794,1.0
49241,20220321,300059,0.002794,1.0
49242,20220321,300059,0.002794,1.0
49243,20220321,300059,0.002794,1.0
49244,20220321,300059,0.002794,1.0
49245,20220321,300059,0.002794,1.0
49246,20220321,688276,-0.001862,1.0
49247,20220321,688276,-0.001862,1.0
49248,20220321,688608,-0.003733,1.0
49249,20220321,688385,-0.006183,1.0
49250,20220321,688385,-0.006183,1.0
49251,20220321,301206,-0.008245,1.0
49252,20220321,688116,-0.009211,1.0
49253,20220321,300073,-0.009732,1.0
49254,20220321,688777,-0.010329,1.0
49255,20220321,688235,-0.015297,1.0
49256,20220321,300014,-0.017564,1.0
49257,20220321,300647,-0.017798,1.0
49258,20220321,688006,-0.020537,1.0
49259,20220321,688006,-0.020537,1.0
49260,20220321,300855,-0.025178,1.0
49261,20220321,688083,-0.031913,1.0
49262,20220321,688131,-0.043743,1.0
49263,20220321,300767,-0.047427,1.0
49264,20220321,301073,-0.062328,1.0
49265,20220321,300666,-0.089134,1.0
49266,20220321,688076,-0.1248,1.0
49267,20220321,688076,-0.1248,1.0
49268,20220322,688238,0.169329,1.0
49269,20220322,688617,0.047389,1.0
49270,20220322,300142,0.031825,1.0
49271,20220322,688059,0.02988,1.0
49272,20220322,300054,0.017751,1.0
49273,20220322,300474,0.01402,1.0
49274,20220322,688779,0.011715,1.0
49275,20220322,300059,0.005175,1.0
49276,20220322,300059,0.005175,1.0
49277,20220322,300979,0.0,1.0
49278,20220322,300124,-0.002613,1.0
49279,20220322,688097,-0.004084,1.0
49280,20220322,688385,-0.006651,1.0
49281,20220322,688385,-0.006651,1.0
49282,20220322,688385,-0.006651,1.0
49283,20220322,300919,-0.007675,1.0
49284,20220322,688303,-0.007942,1.0
49285,20220322,300351,-0.00945,1.0
49286,20220322,300014,-0.010727,1.0
49287,20220322,688126,-0.01354,1.0
49288,20220322,688508,-0.017373,0.0
49289,20220322,688301,-0.020988,1.0
49290,20220322,300416,-0.021505,0.0
49291,20220322,301221,-0.026281,0.0
49292,20220322,301221,-0.026281,0.0
49293,20220322,301219,-0.036478,1.0
49294,20220323,300957,0.036831,1.0
49295,20220323,300957,0.036831,1.0
49296,20220323,300957,0.036831,1.0
49297,20220323,300957,0.036831,1.0
49298,20220323,300957,0.036831,1.0
49299,20220323,300957,0.036831,1.0
49300,20220323,300957,0.036831,1.0
49301,20220323,300957,0.036831,1.0
49302,20220323,300957,0.036831,1.0
49303,20220323,300957,0.036831,1.0
49304,20220323,300957,0.036831,1.0
49305,20220323,300957,0.036831,1.0
49306,20220323,300957,0.036831,1.0
49307,20220323,300957,0.036831,1.0
49308,20220323,300957,0.036831,1.0
49309,20220323,300957,0.036831,1.0
49310,20220323,688239,0.035753,1.0
49311,20220323,688238,0.030835,1.0
49312,20220323,300896,0.019143,1.0
49313,20220323,688677,0.014706,1.0
49314,20220323,300059,0.00396,1.0
49315,20220323,300294,0.003123,1.0
49316,20220323,300786,0.0019,1.0
49317,20220323,688071,0.000693,1.0
49318,20220323,301073,-0.001471,1.0
49319,20220323,688608,-0.002754,1.0
49320,20220323,301221,-0.015956,0.0
49321,20220323,688008,-0.018244,1.0
49322,20220323,688385,-0.020302,1.0
49323,20220323,300413,-0.020781,1.0
49324,20220323,300496,-0.023335,1.0
49325,20220323,300894,-0.034208,1.0
49326,20220323,300861,-0.049767,1.0
49327,20220324,300824,0.113471,1.0
49328,20220324,300824,0.113471,1.0
49329,20220324,300824,0.113471,1.0
49330,20220324,300824,0.113471,1.0
49331,20220324,300994,0.048433,1.0
49332,20220324,688077,0.01529,1.0
49333,20220324,301177,0.011203,1.0
49334,20220324,300206,0.008264,1.0
49335,20220324,300957,-0.001311,1.0
49336,20220324,300957,-0.001311,1.0
49337,20220324,300957,-0.001311,1.0
49338,20220324,300957,-0.001311,1.0
49339,20220324,300957,-0.001311,1.0
49340,20220324,300957,-0.001311,1.0
49341,20220324,300999,-0.00898,1.0
49342,20220324,300999,-0.00898,1.0
49343,20220324,300999,-0.00898,1.0
49344,20220324,300999,-0.00898,1.0
49345,20220324,688385,-0.012566,1.0
49346,20220324,301029,-0.019295,1.0
49347,20220324,688111,-0.01952,0.0
49348,20220324,688111,-0.01952,0.0
49349,20220324,688111,-0.01952,0.0
49350,20220324,688111,-0.01952,0.0
49351,20220324,300229,-0.019643,1.0
49352,20220324,300212,-0.020687,0.0
49353,20220324,688239,-0.02772,1.0
49354,20220324,688239,-0.02772,1.0
49355,20220324,300316,-0.032039,1.0
49356,20220324,300384,-0.033889,0.0
49357,20220324,688112,-0.035173,1.0
49358,20220324,688112,-0.035173,1.0
49359,20220324,688315,-0.038571,1.0
49360,20220324,688315,-0.038571,0.0
49361,20220324,688126,-0.038669,1.0
49362,20220324,300294,-0.047323,1.0
49363,20220324,688238,-0.128739,0.0
49364,20220325,300036,0.030259,0.0
49365,20220325,300036,0.030259,0.0
49366,20220325,300790,0.028602,1.0
49367,20220325,300229,0.013661,0.0
49368,20220325,300229,0.013661,0.0
49369,20220325,688167,0.012998,1.0
49370,20220325,688385,0.007368,1.0
49371,20220325,300852,0.000249,1.0
49372,20220325,300873,-0.00195,0.0
49373,20220325,300748,-0.00369,1.0
49374,20220325,300059,-0.004472,1.0
49375,20220325,688139,-0.004733,1.0
49376,20220325,688139,-0.004733,1.0
49377,20220325,688561,-0.005245,1.0
49378,20220325,300957,-0.008621,1.0
49379,20220325,300957,-0.008621,1.0
49380,20220325,688238,-0.018688,1.0
49381,20220325,688238,-0.018688,0.0
49382,20220325,688183,-0.022401,1.0
49383,20220325,300294,-0.023203,1.0
49384,20220325,688589,-0.024008,0.0
49385,20220325,688589,-0.024008,0.0
49386,20220325,688529,-0.031972,1.0
49387,20220325,688111,-0.034296,0.0
49388,20220325,688111,-0.034296,0.0
49389,20220325,688111,-0.034296,1.0
49390,20220325,688111,-0.034296,0.0
49391,20220325,688111,-0.034296,0.0
49392,20220325,688111,-0.034296,0.0
49393,20220325,688111,-0.034296,0.0
49394,20220325,688388,-0.034884,1.0
49395,20220325,300871,-0.034915,1.0
49396,20220325,300824,-0.059946,1.0
49397,20220325,300824,-0.059946,1.0
49398,20220325,300824,-0.059946,1.0
49399,20220325,301188,-0.060018,1.0
49400,20220325,301071,-0.078261,1.0
49401,20220325,300363,0.060926,1.0
49402,20220325,300363,0.060926,1.0
49403,20220325,300363,0.060926,1.0
49404,20220325,688106,0.046161,1.0
49405,20220325,300682,0.031677,0.0
49406,20220325,300682,0.031677,0.0
49407,20220325,300682,0.031677,1.0
49408,20220325,300036,0.030259,1.0
49409,20220325,300036,0.030259,1.0
49410,20220325,688239,0.022772,1.0
49411,20220325,688261,0.011299,1.0
49412,20220325,300218,0.003802,1.0
49413,20220325,688556,0.002686,1.0
49414,20220325,688556,0.002686,1.0
49415,20220325,300596,0.000221,1.0
49416,20220325,300639,-0.003643,1.0
49417,20220325,688139,-0.004733,1.0
49418,20220325,688607,-0.006393,1.0
49419,20220325,688183,-0.022401,1.0
49420,20220325,688111,-0.034296,0.0
49421,20220325,688388,-0.034884,1.0
49422,20220325,301071,-0.078261,1.0
49423,20220325,301071,-0.078261,1.0
49424,20220328,300761,0.042939,0.0
49425,20220328,301071,0.038491,1.0
49426,20220328,301071,0.038491,1.0
49427,20220328,301071,0.038491,1.0
49428,20220328,301071,0.038491,1.0
49429,20220328,301071,0.038491,1.0
49430,20220328,300957,0.022806,1.0
49431,20220328,300759,0.014985,1.0
49432,20220328,300759,0.014985,0.0
49433,20220328,300759,0.014985,0.0
49434,20220328,688779,0.012973,1.0
49435,20220328,300639,0.012492,1.0
49436,20220328,300639,0.012492,1.0
49437,20220328,688388,0.010079,1.0
49438,20220328,688388,0.010079,1.0
49439,20220328,300119,0.005299,1.0
49440,20220328,688366,-0.000216,1.0
49441,20220328,688383,-0.002235,1.0
49442,20220328,300824,-0.002899,1.0
49443,20220328,688378,-0.003407,1.0
49444,20220328,688026,-0.003853,1.0
49445,20220328,688106,-0.006116,1.0
49446,20220328,300587,-0.006853,1.0
49447,20220328,688185,-0.011731,1.0
49448,20220328,300682,-0.017795,1.0
49449,20220328,300682,-0.017795,0.0
49450,20220328,300682,-0.017795,1.0
49451,20220328,300999,-0.019031,1.0
49452,20220328,300363,-0.01931,1.0
49453,20220328,300363,-0.01931,1.0
49454,20220328,300363,-0.01931,1.0
49455,20220328,300363,-0.01931,1.0
49456,20220328,300363,-0.01931,1.0
49457,20220328,688733,-0.01934,1.0
49458,20220328,300551,-0.023782,1.0
49459,20220328,300790,-0.027806,1.0
49460,20220328,300790,-0.027806,1.0
49461,20220328,300790,-0.027806,1.0
49462,20220328,688189,-0.032361,1.0
49463,20220328,300019,-0.033134,1.0
49464,20220328,300019,-0.033134,1.0
49465,20220328,688111,-0.036614,0.0
49466,20220328,688111,-0.036614,0.0
49467,20220328,688111,-0.036614,0.0
49468,20220328,688111,-0.036614,0.0
49469,20220328,688111,-0.036614,0.0
49470,20220328,300036,-0.048485,0.0
49471,20220328,300036,-0.048485,1.0
49472,20220328,688238,-0.061116,1.0
49473,20220328,688508,-0.082344,1.0
49474,20220329,301071,0.101199,1.0
49475,20220329,301071,0.101199,1.0
49476,20220329,301071,0.101199,1.0
49477,20220329,301071,0.101199,1.0
49478,20220329,688388,0.099438,1.0
49479,20220329,300595,0.078947,1.0
49480,20220329,688111,0.061402,1.0
49481,20220329,688111,0.061402,0.0
49482,20220329,688366,0.059797,1.0
49483,20220329,688366,0.059797,1.0
49484,20220329,688366,0.059797,1.0
49485,20220329,688196,0.058575,1.0
49486,20220329,300327,0.055426,1.0
49487,20220329,300327,0.055426,1.0
49488,20220329,300755,0.046321,1.0
49489,20220329,300755,0.046321,1.0
49490,20220329,300755,0.046321,1.0
49491,20220329,688356,0.044597,1.0
49492,20220329,300037,0.039365,1.0
49493,20220329,300037,0.039365,1.0
49494,20220329,688777,0.039236,1.0
49495,20220329,688777,0.039236,0.0
49496,20220329,300347,0.034782,0.0
49497,20220329,300347,0.034782,1.0
49498,20220329,300347,0.034782,1.0
49499,20220329,300347,0.034782,0.0
49500,20220329,300347,0.034782,0.0
49501,20220329,300790,0.033192,1.0
49502,20220329,300133,0.030181,1.0
49503,20220329,688561,0.029921,0.0
49504,20220329,688077,0.027482,1.0
49505,20220329,688513,0.02622,1.0
49506,20220329,300257,0.025907,1.0
49507,20220329,300224,0.02259,1.0
49508,20220329,300036,0.022048,0.0
49509,20220329,688601,0.021998,1.0
49510,20220329,688601,0.021998,1.0
49511,20220329,300759,0.019485,0.0
49512,20220329,300759,0.019485,1.0
49513,20220329,300759,0.019485,0.0
49514,20220329,300759,0.019485,1.0
49515,20220329,300825,0.018485,1.0
49516,20220329,688009,0.011312,1.0
49517,20220329,300815,0.01113,0.0
49518,20220329,300229,0.009217,1.0
49519,20220329,300065,0.007107,1.0
49520,20220329,300354,0.006938,1.0
49521,20220329,300354,0.006938,1.0
49522,20220329,300218,0.002315,1.0
49523,20220329,300218,0.002315,1.0
49524,20220329,688508,-0.007287,0.0
49525,20220329,300363,-0.008307,1.0
49526,20220329,300363,-0.008307,1.0
49527,20220329,300363,-0.008307,1.0
49528,20220329,300887,-0.013575,1.0
49529,20220329,300087,-0.035769,0.0
49530,20220330,688668,0.033205,1.0
49531,20220330,688509,0.020408,1.0
49532,20220330,688078,0.019518,0.0
49533,20220330,688078,0.019518,0.0
49534,20220330,300188,0.016179,1.0
49535,20220330,300122,0.014706,1.0
49536,20220330,300347,0.013087,0.0
49537,20220330,300347,0.013087,1.0
49538,20220330,300401,0.011888,1.0
49539,20220330,300815,0.008467,0.0
49540,20220330,300457,0.002563,1.0
49541,20220330,300957,0.001178,1.0
49542,20220330,300363,-0.000517,1.0
49543,20220330,301129,-0.001579,1.0
49544,20220330,688087,-0.003398,1.0
49545,20220330,688087,-0.003398,1.0
49546,20220330,688561,-0.003398,0.0
49547,20220330,688308,-0.005469,1.0
49548,20220330,688308,-0.005469,1.0
49549,20220330,688308,-0.005469,1.0
49550,20220330,300373,-0.006309,1.0
49551,20220330,300373,-0.006309,1.0
49552,20220330,300373,-0.006309,1.0
49553,20220330,300792,-0.007218,1.0
49554,20220330,300501,-0.008526,1.0
49555,20220330,301071,-0.010328,1.0
49556,20220330,301052,-0.010753,1.0
49557,20220330,688686,-0.013373,1.0
49558,20220330,688686,-0.013373,1.0
49559,20220330,688198,-0.014182,1.0
49560,20220330,300218,-0.014627,1.0
49561,20220330,300218,-0.014627,1.0
49562,20220330,688161,-0.015076,1.0
49563,20220330,688196,-0.017902,1.0
49564,20220330,300806,-0.01831,1.0
49565,20220330,688106,-0.018329,1.0
49566,20220330,688261,-0.01849,1.0
49567,20220330,688521,-0.020004,0.0
49568,20220330,688777,-0.021843,0.0
49569,20220330,688777,-0.021843,0.0
49570,20220330,300057,-0.021978,1.0
49571,20220330,688356,-0.022633,1.0
49572,20220330,688356,-0.022633,1.0
49573,20220330,688660,-0.022893,1.0
49574,20220330,688779,-0.025362,1.0
49575,20220330,300638,-0.025675,1.0
49576,20220330,300638,-0.025675,1.0
49577,20220330,300638,-0.025675,1.0
49578,20220330,300638,-0.025675,1.0
49579,20220330,688800,-0.025722,1.0
49580,20220330,300224,-0.02651,1.0
49581,20220330,300861,-0.027234,1.0
49582,20220330,300327,-0.027274,1.0
49583,20220330,300327,-0.027274,1.0
49584,20220330,300327,-0.027274,1.0
49585,20220330,300327,-0.027274,1.0
49586,20220330,300413,-0.033798,1.0
49587,20220330,300755,-0.035416,1.0
49588,20220330,688586,-0.036118,1.0
49589,20220330,300747,-0.038196,1.0
49590,20220330,688016,-0.043698,1.0
49591,20220330,688016,-0.043698,1.0
49592,20220330,688388,-0.046631,1.0
49593,20220330,688185,-0.048967,1.0
49594,20220330,300037,-0.049645,1.0
49595,20220330,688005,-0.074712,1.0
49596,20220330,688005,-0.074712,1.0
49597,20220330,688005,-0.074712,1.0
49598,20220330,300769,-0.08123,1.0
49599,20220330,300769,-0.08123,1.0
49600,20220330,300769,-0.08123,1.0
49601,20220330,688187,-0.085519,1.0
49602,20220330,688187,-0.085519,1.0
49603,20220330,688187,-0.085519,1.0
49604,20220331,300575,0.135985,1.0
49605,20220331,300575,0.135985,1.0
49606,20220331,688050,0.068944,1.0
49607,20220331,688050,0.068944,1.0
49608,20220331,688050,0.068944,1.0
49609,20220331,300037,0.061312,1.0
49610,20220331,688268,0.05675,1.0
49611,20220331,300481,0.039457,1.0
49612,20220331,300179,0.027424,1.0
49613,20220331,300179,0.027424,1.0
49614,20220331,301071,0.026941,1.0
49615,20220331,301071,0.026941,1.0
49616,20220331,688677,0.024198,1.0
49617,20220331,300130,0.023642,1.0
49618,20220331,300666,0.021265,1.0
49619,20220331,300416,0.019308,0.0
49620,20220331,300769,0.018111,1.0
49621,20220331,688185,0.016847,1.0
49622,20220331,300327,0.014977,1.0
49623,20220331,688106,0.013026,1.0
49624,20220331,688106,0.013026,1.0
49625,20220331,300378,0.011602,0.0
49626,20220331,301102,0.011505,1.0
49627,20220331,300674,0.009254,1.0
49628,20220331,300674,0.009254,1.0
49629,20220331,300674,0.009254,0.0
49630,20220331,300674,0.009254,1.0
49631,20220331,688005,0.009118,1.0
49632,20220331,300351,0.007387,1.0
49633,20220331,688012,0.006441,1.0
49634,20220331,688012,0.006441,1.0
49635,20220331,688012,0.006441,1.0
49636,20220331,688012,0.006441,1.0
49637,20220331,688012,0.006441,1.0
49638,20220331,688012,0.006441,1.0
49639,20220331,688012,0.006441,1.0
49640,20220331,301035,0.005865,1.0
49641,20220331,300747,0.005637,1.0
49642,20220331,300747,0.005637,1.0
49643,20220331,300788,0.005419,1.0
49644,20220331,688686,0.003741,1.0
49645,20220331,688686,0.003741,1.0
49646,20220331,688686,0.003741,1.0
49647,20220331,688196,0.003314,1.0
49648,20220331,300188,0.003062,1.0
49649,20220331,300188,0.003062,1.0
49650,20220331,300188,0.003062,1.0
49651,20220331,300188,0.003062,1.0
49652,20220331,300073,0.002793,1.0
49653,20220331,300073,0.002793,1.0
49654,20220331,300354,0.002622,1.0
49655,20220331,688212,0.001599,1.0
49656,20220331,300346,0.000492,1.0
49657,20220331,300595,-0.000547,1.0
49658,20220331,300595,-0.000547,1.0
49659,20220331,300682,-0.001798,1.0
49660,20220331,300638,-0.001882,1.0
49661,20220331,300638,-0.001882,1.0
49662,20220331,300638,-0.001882,1.0
49663,20220331,688366,-0.002486,1.0
49664,20220331,300748,-0.002502,1.0
49665,20220331,300755,-0.003409,1.0
49666,20220331,300759,-0.005085,0.0
49667,20220331,300790,-0.005385,1.0
49668,20220331,688521,-0.007961,1.0
49669,20220331,688187,-0.008037,1.0
49670,20220331,688981,-0.008245,1.0
49671,20220331,688779,-0.008497,1.0
49672,20220331,688561,-0.008524,0.0
49673,20220331,688269,-0.017576,1.0
49674,20220331,300996,-0.018721,0.0
49675,20220331,300659,-0.019266,1.0
49676,20220331,688186,-0.021325,1.0
49677,20220331,300007,-0.025039,1.0
49678,20220331,300007,-0.025039,1.0
49679,20220331,300620,-0.025743,1.0
49680,20220331,300009,-0.026396,1.0
49681,20220331,300009,-0.026396,1.0
49682,20220331,688059,-0.027043,1.0
49683,20220331,300617,-0.028584,1.0
49684,20220331,300286,-0.028603,1.0
49685,20220331,300122,-0.029275,1.0
49686,20220331,300122,-0.029275,1.0
49687,20220331,688082,-0.036947,1.0
49688,20220331,688356,-0.03784,1.0
49689,20220331,688356,-0.03784,1.0
49690,20220331,300026,0.094612,1.0
49691,20220331,300788,0.034411,0.0
49692,20220331,300674,0.021575,1.0
49693,20220331,300122,0.018364,0.0
49694,20220331,300824,0.009392,1.0
49695,20220331,688686,0.009236,0.0
49696,20220331,300378,0.002731,0.0
49697,20220331,300656,-0.00551,1.0
49698,20220331,300682,-0.011167,0.0
49699,20220331,688385,-0.014773,1.0
49700,20220331,300709,-0.016048,0.0
49701,20220331,688269,-0.016891,0.0
49702,20220331,300999,-0.016966,1.0
49703,20220331,300748,-0.025078,0.0
49704,20220331,688368,-0.025304,0.0
49705,20220331,688366,-0.025854,0.0
49706,20220331,300416,-0.026453,0.0
49707,20220331,688012,-0.027816,1.0
49708,20220331,300073,-0.028113,1.0
49709,20220331,300073,-0.028113,1.0
49710,20220331,688300,-0.030449,1.0
49711,20220331,300620,-0.033101,0.0
49712,20220331,688521,-0.033128,0.0
49713,20220331,300037,-0.04067,1.0
49714,20220331,300037,-0.04067,1.0
49715,20220331,300638,-0.045528,1.0
49716,20220331,300638,-0.045528,1.0
49717,20220331,688180,-0.052935,0.0
49718,20220331,301035,-0.056103,0.0
49719,20220331,688561,0.015818,1.0
49720,20220331,300614,-0.005322,0.0
49721,20220331,300748,-0.025078,1.0
49722,20220331,688366,-0.025854,0.0
49723,20220331,300416,-0.026453,0.0
49724,20220331,688012,-0.027816,0.0
49725,20220331,300073,-0.028113,1.0
49726,20220331,688005,-0.050536,0.0
49727,20220331,300373,-0.0892,1.0
49728,20220406,688269,0.028936,0.0
49729,20220406,300953,0.027945,1.0
49730,20220406,688050,0.026706,0.0
49731,20220406,688050,0.026706,0.0
49732,20220406,688786,0.018742,0.0
49733,20220406,300114,0.007547,1.0
49734,20220406,300073,0.004503,1.0
49735,20220406,688012,0.00316,1.0
49736,20220406,688557,0.001727,0.0
49737,20220406,300630,0.000463,1.0
49738,20220406,688148,-0.002232,0.0
49739,20220406,688180,-0.00385,0.0
49740,20220406,688180,-0.00385,0.0
49741,20220406,300769,-0.006884,1.0
49742,20220406,688078,-0.007905,0.0
49743,20220406,688516,-0.008115,0.0
49744,20220406,688686,-0.009687,1.0
49745,20220406,688586,-0.013519,0.0
49746,20220406,688661,-0.014138,1.0
49747,20220406,688383,-0.015981,0.0
49748,20220406,688161,-0.018505,0.0
49749,20220406,300316,-0.019477,1.0
49750,20220406,688778,-0.020301,0.0
49751,20220406,300599,-0.021231,1.0
49752,20220406,300638,-0.024838,1.0
49753,20220406,300009,-0.027921,0.0
49754,20220406,688005,-0.028387,0.0
49755,20220406,300748,-0.029582,1.0
49756,20220406,688187,-0.029756,1.0
49757,20220406,688779,-0.029826,0.0
49758,20220406,300122,-0.03152,1.0
49759,20220406,301177,-0.031869,1.0
49760,20220406,688002,-0.032746,1.0
49761,20220406,688662,-0.033189,1.0
49762,20220406,300294,-0.034601,0.0
49763,20220406,688155,-0.03581,0.0
49764,20220406,688385,-0.036909,1.0
49765,20220406,688106,-0.039724,1.0
49766,20220406,300416,-0.041597,0.0
49767,20220406,300480,-0.043187,1.0
49768,20220406,688007,-0.044307,1.0
49769,20220406,688234,-0.053832,1.0
49770,20220406,688234,-0.053832,0.0
49771,20220406,688185,-0.054667,0.0
49772,20220406,301011,-0.064048,1.0
49773,20220406,688617,-0.074948,0.0
49774,20220407,688636,0.057536,1.0
49775,20220407,688516,0.007944,1.0
49776,20220407,688516,0.007944,0.0
49777,20220407,688167,0.002047,1.0
49778,20220407,688065,-0.004679,1.0
49779,20220407,688521,-0.005472,0.0
49780,20220407,688521,-0.005472,0.0
49781,20220407,688259,-0.007281,0.0
49782,20220407,300638,-0.013314,0.0
49783,20220407,300887,-0.015686,0.0
49784,20220407,301096,-0.018156,0.0
49785,20220407,300748,-0.027502,1.0
49786,20220407,688295,-0.036145,1.0
49787,20220407,300453,-0.038462,1.0
49788,20220407,688202,-0.045643,0.0
49789,20220407,688202,-0.045643,0.0
49790,20220407,301235,-0.048193,1.0
49791,20220407,300656,-0.053054,1.0
49792,20220407,688276,-0.060969,0.0
49793,20220407,688276,-0.060969,0.0
49794,20220407,300058,-0.064877,1.0
49795,20220407,300558,-0.065072,1.0
49796,20220407,300558,-0.065072,0.0
49797,20220407,301103,-0.067664,0.0
49798,20220408,300918,0.047767,1.0
49799,20220408,688005,0.010995,0.0
49800,20220408,688270,-0.00645,1.0
49801,20220408,688311,-0.010211,1.0
49802,20220408,688636,-0.01669,1.0
49803,20220408,300548,-0.022949,1.0
49804,20220408,300788,-0.023216,0.0
49805,20220408,688556,-0.025297,0.0
49806,20220408,688621,-0.02678,1.0
49807,20220408,688099,-0.027233,0.0
49808,20220408,688099,-0.027233,0.0
49809,20220408,688099,-0.027233,0.0
49810,20220408,688599,-0.027994,1.0
49811,20220408,300413,-0.028187,0.0
49812,20220408,300709,-0.030509,0.0
49813,20220408,300171,-0.032574,1.0
49814,20220408,300171,-0.032574,0.0
49815,20220408,688065,-0.034012,0.0
49816,20220408,300979,-0.037307,1.0
49817,20220408,300979,-0.037307,1.0
49818,20220408,300979,-0.037307,1.0
49819,20220408,300979,-0.037307,1.0
49820,20220408,300979,-0.037307,1.0
49821,20220408,300979,-0.037307,1.0
49822,20220408,300979,-0.037307,1.0
49823,20220408,300755,-0.037309,1.0
49824,20220408,300308,-0.038835,1.0
49825,20220408,300308,-0.038835,0.0
49826,20220408,688682,-0.039356,0.0
49827,20220408,688012,-0.040365,0.0
49828,20220408,688063,-0.042738,0.0
49829,20220408,688499,-0.0441,0.0
49830,20220408,300659,-0.046824,1.0
49831,20220408,300075,-0.051942,1.0
49832,20220408,300474,-0.057973,0.0
49833,20220408,300474,-0.057973,0.0
49834,20220408,300682,-0.058252,1.0
49835,20220408,300142,-0.064636,1.0
49836,20220408,300558,-0.06623,1.0
49837,20220408,300558,-0.06623,1.0
49838,20220408,688033,-0.06958,0.0
49839,20220408,688800,-0.073005,1.0
49840,20220408,688800,-0.073005,1.0
49841,20220408,301122,-0.079202,1.0
49842,20220408,300984,-0.118849,1.0
49843,20220408,688005,0.010995,0.0
49844,20220408,688270,-0.00645,1.0
49845,20220408,300979,-0.037307,1.0
49846,20220408,688063,-0.042738,0.0
49847,20220408,688707,-0.081921,0.0
49848,20220408,300918,0.047767,0.0
49849,20220408,300662,0.042034,0.0
49850,20220408,688636,-0.01669,0.0
49851,20220408,300548,-0.022949,1.0
49852,20220408,688099,-0.027233,0.0
49853,20220408,688099,-0.027233,0.0
49854,20220408,300171,-0.032574,1.0
49855,20220408,300979,-0.037307,1.0
49856,20220408,688063,-0.042738,1.0
49857,20220408,300034,-0.053545,1.0
49858,20220408,300558,-0.06623,0.0
49859,20220408,300558,-0.06623,0.0
49860,20220408,688800,-0.073005,1.0
49861,20220408,688267,-0.077034,1.0
49862,20220408,300223,-0.077168,1.0
49863,20220408,300223,-0.077168,1.0
49864,20220408,300223,-0.077168,1.0
49865,20220408,300688,-0.113909,0.0
49866,20220411,300911,0.070455,1.0
49867,20220411,300012,0.069668,0.0
49868,20220411,300627,0.046154,1.0
49869,20220411,300674,0.036883,0.0
49870,20220411,300662,0.036327,0.0
49871,20220411,300390,0.036224,1.0
49872,20220411,300755,0.035819,1.0
49873,20220411,300223,0.034534,1.0
49874,20220411,300223,0.034534,1.0
49875,20220411,300223,0.034534,1.0
49876,20220411,300223,0.034534,1.0
49877,20220411,300036,0.028871,1.0
49878,20220411,300218,0.02383,1.0
49879,20220411,300346,0.023065,0.0
49880,20220411,300007,0.015957,0.0
49881,20220411,300073,0.015692,1.0
49882,20220411,300073,0.015692,1.0
49883,20220411,300073,0.015692,1.0
49884,20220411,300888,0.015232,1.0
49885,20220411,300888,0.015232,0.0
49886,20220411,300888,0.015232,1.0
49887,20220411,300888,0.015232,0.0
49888,20220411,300888,0.015232,1.0
49889,20220411,300498,0.014545,0.0
49890,20220411,688155,0.013364,0.0
49891,20220411,688155,0.013364,0.0
49892,20220411,688588,0.012712,0.0
49893,20220411,688588,0.012712,0.0
49894,20220411,688202,0.011461,1.0
49895,20220411,300979,0.010952,1.0
49896,20220411,300979,0.010952,1.0
49897,20220411,300979,0.010952,1.0
49898,20220411,300979,0.010952,1.0
49899,20220411,300979,0.010952,1.0
49900,20220411,300979,0.010952,1.0
49901,20220411,688305,0.009516,1.0
49902,20220411,688553,0.007692,1.0
49903,20220411,688099,0.007578,1.0
49904,20220411,300828,0.007009,0.0
49905,20220411,688670,0.00639,1.0
49906,20220411,688123,0.00589,0.0
49907,20220411,688698,-0.001758,1.0
49908,20220411,300268,-0.003749,1.0
49909,20220411,688166,-0.005674,1.0
49910,20220411,688499,-0.005951,0.0
49911,20220411,688499,-0.005951,0.0
49912,20220411,300682,-0.006186,1.0
49913,20220411,688012,-0.007265,1.0
49914,20220411,688598,-0.010878,1.0
49915,20220411,688598,-0.010878,1.0
49916,20220411,300454,-0.015227,0.0
49917,20220411,300548,-0.023843,1.0
49918,20220411,688556,-0.025027,0.0
49919,20220411,688636,-0.031191,0.0
49920,20220411,688636,-0.031191,1.0
49921,20220412,688087,0.051159,1.0
49922,20220412,688305,0.028125,0.0
49923,20220412,688668,0.015262,1.0
49924,20220412,688668,0.015262,1.0
49925,20220412,300073,0.003933,1.0
49926,20220412,300073,0.003933,1.0
49927,20220412,300073,0.003933,1.0
49928,20220412,688155,0.001815,1.0
49929,20220412,300529,0.0,1.0
49930,20220412,300529,0.0,1.0
49931,20220412,300529,0.0,1.0
49932,20220412,300748,-0.00036,1.0
49933,20220412,688330,-0.005111,1.0
49934,20220412,688330,-0.005111,0.0
49935,20220412,300979,-0.007083,1.0
49936,20220412,688789,-0.011628,0.0
49937,20220412,688006,-0.012,1.0
49938,20220412,688006,-0.012,1.0
49939,20220412,688268,-0.013993,1.0
49940,20220412,300888,-0.020711,1.0
49941,20220412,300888,-0.020711,1.0
49942,20220412,688777,-0.021451,0.0
49943,20220412,688777,-0.021451,1.0
49944,20220412,688777,-0.021451,1.0
49945,20220412,688777,-0.021451,0.0
49946,20220412,688777,-0.021451,0.0
49947,20220412,688083,-0.024466,0.0
49948,20220412,688083,-0.024466,0.0
49949,20220412,688083,-0.024466,0.0
49950,20220412,688083,-0.024466,1.0
49951,20220412,688083,-0.024466,0.0
49952,20220412,300223,-0.024678,1.0
49953,20220412,688262,-0.026781,0.0
49954,20220412,688012,-0.032433,1.0
49955,20220412,688012,-0.032433,0.0
49956,20220412,688092,-0.032526,0.0
49957,20220412,688092,-0.032526,0.0
49958,20220412,688686,-0.036284,1.0
49959,20220412,688800,-0.03644,1.0
49960,20220412,688601,-0.039474,0.0
49961,20220412,688601,-0.039474,0.0
49962,20220412,300751,-0.04,1.0
49963,20220412,300699,-0.04021,1.0
49964,20220412,300531,-0.040694,0.0
49965,20220412,300866,-0.043313,1.0
49966,20220412,300866,-0.043313,0.0
49967,20220412,300203,-0.051333,1.0
49968,20220412,300558,-0.051846,1.0
49969,20220412,300685,-0.056409,1.0
49970,20220412,300685,-0.056409,1.0
49971,20220412,688319,-0.057045,0.0
49972,20220412,688536,-0.06244,0.0
49973,20220412,300048,-0.062712,1.0
49974,20220412,300130,-0.074982,1.0
49975,20220412,688711,-0.089567,0.0
49976,20220413,300378,0.118125,0.0
49977,20220413,688777,0.061573,0.0
49978,20220413,688777,0.061573,0.0
49979,20220413,688777,0.061573,0.0
49980,20220413,688777,0.061573,0.0
49981,20220413,688083,0.054638,0.0
49982,20220413,688083,0.054638,0.0
49983,20220413,688083,0.054638,0.0
49984,20220413,688187,0.045274,0.0
49985,20220413,300685,0.043721,0.0
49986,20220413,688315,0.033683,0.0
49987,20220413,688315,0.033683,0.0
49988,20220413,688315,0.033683,0.0
49989,20220413,300888,0.032973,1.0
49990,20220413,301018,0.02823,0.0
49991,20220413,300548,0.027853,1.0
49992,20220413,688126,0.022422,0.0
49993,20220413,688126,0.022422,0.0
49994,20220413,688126,0.022422,0.0
49995,20220413,688308,0.018745,1.0
49996,20220413,688308,0.018745,0.0
49997,20220413,301117,0.017672,0.0
49998,20220413,688319,0.017063,0.0
49999,20220413,300572,0.015604,1.0
50000,20220413,688162,0.011586,0.0
50001,20220413,300207,0.011389,1.0
50002,20220413,300316,0.010636,0.0
50003,20220413,300316,0.010636,1.0
50004,20220413,300114,0.009353,1.0
50005,20220413,688066,0.00702,0.0
50006,20220413,300699,0.00425,0.0
50007,20220413,300699,0.00425,1.0
50008,20220413,300699,0.00425,1.0
50009,20220413,688558,0.002536,0.0
50010,20220413,300223,0.000244,1.0
50011,20220413,300223,0.000244,1.0
50012,20220413,688636,-0.003227,0.0
50013,20220413,688305,-0.007816,0.0
50014,20220413,688305,-0.007816,1.0
50015,20220413,688305,-0.007816,1.0
50016,20220413,300558,-0.008936,0.0
50017,20220413,300866,-0.012769,1.0
50018,20220413,300866,-0.012769,0.0
50019,20220413,300866,-0.012769,0.0
50020,20220413,300866,-0.012769,0.0
50021,20220413,688232,-0.013381,0.0
50022,20220413,688201,-0.013845,0.0
50023,20220413,688201,-0.013845,0.0
50024,20220413,688369,-0.014082,0.0
50025,20220413,688369,-0.014082,0.0
50026,20220413,688369,-0.014082,0.0
50027,20220413,688369,-0.014082,0.0
50028,20220413,688333,-0.0192,1.0
50029,20220413,300065,-0.020187,1.0
50030,20220413,300919,-0.03546,1.0
50031,20220413,688601,-0.043973,1.0
50032,20220413,300628,-0.04702,0.0
50033,20220413,300628,-0.04702,0.0
50034,20220413,300628,-0.04702,1.0
50035,20220413,300628,-0.04702,1.0
50036,20220413,300628,-0.04702,0.0
50037,20220413,300791,-0.047857,1.0
50038,20220414,301099,0.102735,1.0
50039,20220414,688369,0.01468,0.0
50040,20220414,688369,0.01468,0.0
50041,20220414,688369,0.01468,0.0
50042,20220414,688296,0.013462,0.0
50043,20220414,300268,0.010169,1.0
50044,20220414,300957,0.006857,1.0
50045,20220414,300957,0.006857,1.0
50046,20220414,300601,0.005466,1.0
50047,20220414,300601,0.005466,1.0
50048,20220414,688201,-0.000379,0.0
50049,20220414,300866,-0.003192,0.0
50050,20220414,300590,-0.011136,1.0
50051,20220414,300590,-0.011136,1.0
50052,20220414,688126,-0.013158,1.0
50053,20220414,300394,-0.018792,1.0
50054,20220414,300699,-0.019146,0.0
50055,20220414,300699,-0.019146,1.0
50056,20220414,300699,-0.019146,1.0
50057,20220414,300496,-0.019998,0.0
50058,20220414,300628,-0.026137,1.0
50059,20220414,300628,-0.026137,1.0
50060,20220414,688187,-0.027015,0.0
50061,20220414,688187,-0.027015,1.0
50062,20220414,300529,-0.027994,1.0
50063,20220414,300529,-0.027994,0.0
50064,20220414,300073,-0.028667,1.0
50065,20220414,300729,-0.028829,1.0
50066,20220414,300729,-0.028829,0.0
50067,20220414,688083,-0.030433,1.0
50068,20220414,688083,-0.030433,0.0
50069,20220414,688568,-0.031325,0.0
50070,20220414,688568,-0.031325,0.0
50071,20220414,688568,-0.031325,0.0
50072,20220414,688568,-0.031325,0.0
50073,20220414,300079,-0.031414,1.0
50074,20220414,300065,-0.038263,1.0
50075,20220414,300688,-0.055932,0.0
50076,20220414,688022,-0.071479,0.0
50077,20220414,300465,-0.076639,0.0
50078,20220415,688608,0.082439,0.0
50079,20220415,300320,0.052632,1.0
50080,20220415,688019,0.051481,0.0
50081,20220415,300803,0.047259,1.0
50082,20220415,688200,0.046904,1.0
50083,20220415,300496,0.042277,1.0
50084,20220415,688558,0.041311,0.0
50085,20220415,688516,0.037338,0.0
50086,20220415,688516,0.037338,1.0
50087,20220415,688516,0.037338,1.0
50088,20220415,688516,0.037338,0.0
50089,20220415,688516,0.037338,0.0
50090,20220415,688516,0.037338,0.0
50091,20220415,300218,0.033102,1.0
50092,20220415,688099,0.030189,0.0
50093,20220415,300699,0.029382,1.0
50094,20220415,300699,0.029382,0.0
50095,20220415,300699,0.029382,1.0
50096,20220415,688003,0.027688,1.0
50097,20220415,688003,0.027688,0.0
50098,20220415,300207,0.025088,1.0
50099,20220415,300638,0.023856,1.0
50100,20220415,301073,0.017117,1.0
50101,20220415,688296,0.015939,0.0
50102,20220415,688126,0.012444,1.0
50103,20220415,688126,0.012444,1.0
50104,20220415,300866,0.012302,0.0
50105,20220415,300379,0.010828,0.0
50106,20220415,688777,0.007244,1.0
50107,20220415,688777,0.007244,0.0
50108,20220415,300054,0.007155,1.0
50109,20220415,300054,0.007155,1.0
50110,20220415,300054,0.007155,0.0
50111,20220415,300054,0.007155,1.0
50112,20220415,300348,0.00625,0.0
50113,20220415,300348,0.00625,0.0
50114,20220415,688201,0.003037,0.0
50115,20220415,300590,0.000563,1.0
50116,20220415,300590,0.000563,1.0
50117,20220415,300590,0.000563,1.0
50118,20220415,688188,-0.001815,0.0
50119,20220415,688568,-0.002626,1.0
50120,20220415,300894,-0.008807,1.0
50121,20220415,300894,-0.008807,1.0
50122,20220415,300894,-0.008807,1.0
50123,20220415,300894,-0.008807,0.0
50124,20220415,300369,-0.009294,0.0
50125,20220415,300369,-0.009294,0.0
50126,20220415,688087,-0.009919,1.0
50127,20220415,688087,-0.009919,1.0
50128,20220415,301080,-0.010965,0.0
50129,20220415,301080,-0.010965,0.0
50130,20220415,301080,-0.010965,0.0
50131,20220415,300451,-0.015919,0.0
50132,20220415,300451,-0.015919,0.0
50133,20220415,300451,-0.015919,1.0
50134,20220415,300451,-0.015919,0.0
50135,20220415,300451,-0.015919,0.0
50136,20220415,300059,-0.024907,1.0
50137,20220415,300059,-0.024907,1.0
50138,20220415,300769,-0.02638,1.0
50139,20220415,300769,-0.02638,1.0
50140,20220415,300769,-0.02638,1.0
50141,20220415,688083,-0.03061,1.0
50142,20220415,300653,-0.038528,1.0
50143,20220415,300653,-0.038528,1.0
50144,20220415,300751,0.113611,0.0
50145,20220415,300498,0.057369,0.0
50146,20220415,688122,0.039989,1.0
50147,20220415,688676,0.036479,0.0
50148,20220415,300680,0.012853,1.0
50149,20220415,300296,0.012251,1.0
50150,20220415,300379,0.010828,0.0
50151,20220415,300894,-0.008807,1.0
50152,20220415,300894,-0.008807,1.0
50153,20220415,300369,-0.009294,0.0
50154,20220415,688608,0.082439,1.0
50155,20220415,688608,0.082439,0.0
50156,20220415,688798,0.040412,0.0
50157,20220415,300955,0.032051,1.0
50158,20220415,688190,0.031415,1.0
50159,20220415,688099,0.030189,1.0
50160,20220415,300699,0.029382,1.0
50161,20220415,300759,0.027796,0.0
50162,20220415,688333,0.027574,0.0
50163,20220415,300207,0.025088,0.0
50164,20220415,688166,0.023073,1.0
50165,20220415,688786,0.014752,0.0
50166,20220415,688339,0.011444,1.0
50167,20220415,300379,0.010828,1.0
50168,20220415,300379,0.010828,0.0
50169,20220415,300054,0.007155,1.0
50170,20220415,300348,0.00625,0.0
50171,20220415,300348,0.00625,0.0
50172,20220415,300226,0.00237,0.0
50173,20220415,688188,-0.001815,0.0
50174,20220415,688188,-0.001815,0.0
50175,20220415,300124,-0.003422,1.0
50176,20220415,300935,-0.008147,0.0
50177,20220415,300894,-0.008807,1.0
50178,20220415,300369,-0.009294,0.0
50179,20220415,300369,-0.009294,0.0
50180,20220415,301080,-0.010965,0.0
50181,20220415,688389,-0.011025,0.0
50182,20220415,688139,-0.014873,1.0
50183,20220415,300451,-0.015919,0.0
50184,20220415,688083,-0.03061,0.0
50185,20220418,688516,0.09069,0.0
50186,20220418,688516,0.09069,1.0
50187,20220418,300019,0.048246,1.0
50188,20220418,688768,0.027397,1.0
50189,20220418,300751,0.027064,1.0
50190,20220418,300751,0.027064,1.0
50191,20220418,300751,0.027064,1.0
50192,20220418,300751,0.027064,1.0
50193,20220418,300559,0.021617,0.0
50194,20220418,688698,0.020061,0.0
50195,20220418,688698,0.020061,1.0
50196,20220418,688698,0.020061,1.0
50197,20220418,688568,0.015306,1.0
50198,20220418,300124,0.012972,0.0
50199,20220418,300244,0.012521,0.0
50200,20220418,300244,0.012521,0.0
50201,20220418,300244,0.012521,0.0
50202,20220418,300681,0.011276,1.0
50203,20220418,300349,0.010763,0.0
50204,20220418,688033,0.010181,1.0
50205,20220418,688083,0.009187,1.0
50206,20220418,688083,0.009187,0.0
50207,20220418,688083,0.009187,0.0
50208,20220418,688083,0.009187,0.0
50209,20220418,300648,0.008406,1.0
50210,20220418,688550,0.008134,1.0
50211,20220418,688550,0.008134,0.0
50212,20220418,688155,0.007526,0.0
50213,20220418,301129,0.005,1.0
50214,20220418,688296,0.004856,0.0
50215,20220418,688296,0.004856,0.0
50216,20220418,301080,0.004508,1.0
50217,20220418,301080,0.004508,0.0
50218,20220418,300207,0.002147,1.0
50219,20220418,300587,0.001696,1.0
50220,20220418,688256,0.001165,0.0
50221,20220418,688166,0.000451,1.0
50222,20220418,688166,0.000451,0.0
50223,20220418,688060,0.000432,0.0
50224,20220418,300653,0.000163,1.0
50225,20220418,688001,-0.000419,1.0
50226,20220418,688001,-0.000419,0.0
50227,20220418,300348,-0.001775,0.0
50228,20220418,300348,-0.001775,0.0
50229,20220418,688188,-0.00197,0.0
50230,20220418,688188,-0.00197,0.0
50231,20220418,300498,-0.002647,0.0
50232,20220418,300498,-0.002647,0.0
50233,20220418,300498,-0.002647,0.0
50234,20220418,300498,-0.002647,0.0
50235,20220418,300054,-0.002732,0.0
50236,20220418,688087,-0.009851,0.0
50237,20220418,688126,-0.012291,0.0
50238,20220418,300699,-0.013373,1.0
50239,20220418,300628,-0.013782,1.0
50240,20220418,300496,-0.014602,0.0
50241,20220418,300496,-0.014602,0.0
50242,20220418,300369,-0.015009,0.0
50243,20220418,688019,-0.015323,0.0
50244,20220418,688700,-0.015833,0.0
50245,20220418,300238,-0.016529,1.0
50246,20220418,300451,-0.017647,0.0
50247,20220418,300451,-0.017647,0.0
50248,20220418,688180,-0.018041,0.0
50249,20220418,688180,-0.018041,0.0
50250,20220418,300680,-0.018274,0.0
50251,20220418,300680,-0.018274,1.0
50252,20220418,688798,-0.018363,0.0
50253,20220418,300709,-0.018667,1.0
50254,20220418,688519,-0.019027,1.0
50255,20220418,300769,-0.019864,1.0
50256,20220418,688206,-0.022431,0.0
50257,20220418,688099,-0.022436,0.0
50258,20220418,688099,-0.022436,0.0
50259,20220418,688099,-0.022436,0.0
50260,20220418,688099,-0.022436,0.0
50261,20220418,300820,-0.023904,1.0
50262,20220418,300782,-0.024837,1.0
50263,20220418,300866,-0.028134,0.0
50264,20220418,688389,-0.028197,0.0
50265,20220418,300894,-0.028948,1.0
50266,20220418,300894,-0.028948,1.0
50267,20220418,300894,-0.028948,1.0
50268,20220418,300894,-0.028948,1.0
50269,20220418,300894,-0.028948,1.0
50270,20220418,688608,-0.029228,0.0
50271,20220418,688608,-0.029228,0.0
50272,20220418,688608,-0.029228,1.0
50273,20220418,688363,-0.036674,1.0
50274,20220418,688800,-0.038881,1.0
50275,20220418,688636,-0.041775,1.0
50276,20220418,301221,-0.042315,0.0
50277,20220418,301221,-0.042315,1.0
50278,20220418,688559,-0.080845,0.0
50279,20220418,688559,-0.080845,0.0
50280,20220418,300935,-0.083368,0.0
50281,20220418,688200,-0.092625,1.0
50282,20220419,300101,0.020885,1.0
50283,20220419,688286,0.01893,0.0
50284,20220419,300855,0.018319,0.0
50285,20220419,688238,0.017951,1.0
50286,20220419,300755,0.010724,1.0
50287,20220419,688551,0.007463,1.0
50288,20220419,688358,0.005816,0.0
50289,20220419,688083,0.000945,1.0
50290,20220419,300268,0.000379,1.0
50291,20220419,688246,-0.002473,0.0
50292,20220419,300394,-0.002564,0.0
50293,20220419,688259,-0.003332,0.0
50294,20220419,301221,-0.005476,0.0
50295,20220419,688206,-0.005841,0.0
50296,20220419,688308,-0.006112,0.0
50297,20220419,688308,-0.006112,0.0
50298,20220419,688216,-0.008922,0.0
50299,20220419,688223,-0.010453,0.0
50300,20220419,300348,-0.012444,0.0
50301,20220419,688289,-0.013551,0.0
50302,20220419,688289,-0.013551,0.0
50303,20220419,300708,-0.013878,1.0
50304,20220419,688516,-0.016224,0.0
50305,20220419,688516,-0.016224,0.0
50306,20220419,688516,-0.016224,1.0
50307,20220419,688516,-0.016224,0.0
50308,20220419,688383,-0.016398,1.0
50309,20220419,300571,-0.017204,0.0
50310,20220419,300618,-0.021489,1.0
50311,20220419,300618,-0.021489,1.0
50312,20220419,688233,-0.021648,1.0
50313,20220419,688233,-0.021648,0.0
50314,20220419,688059,-0.021845,0.0
50315,20220419,688039,-0.025056,0.0
50316,20220419,688039,-0.025056,0.0
50317,20220419,300751,-0.025501,1.0
50318,20220419,300751,-0.025501,1.0
50319,20220419,300751,-0.025501,0.0
50320,20220419,300751,-0.025501,1.0
50321,20220419,300751,-0.025501,1.0
50322,20220419,300751,-0.025501,1.0
50323,20220419,300751,-0.025501,1.0
50324,20220419,300751,-0.025501,1.0
50325,20220419,688201,-0.026223,1.0
50326,20220419,300633,-0.028774,1.0
50327,20220419,301128,-0.0304,1.0
50328,20220419,300725,-0.032146,1.0
50329,20220419,300811,-0.032664,0.0
50330,20220419,300911,-0.03268,1.0
50331,20220419,300911,-0.03268,1.0
50332,20220419,300911,-0.03268,0.0
50333,20220419,300911,-0.03268,1.0
50334,20220419,300911,-0.03268,1.0
50335,20220419,300316,-0.032907,1.0
50336,20220419,300498,-0.037594,0.0
50337,20220419,688598,-0.037919,0.0
50338,20220419,300054,-0.041096,1.0
50339,20220419,300054,-0.041096,1.0
50340,20220419,688200,-0.042857,1.0
50341,20220419,688526,-0.05779,0.0
50342,20220419,688526,-0.05779,0.0
50343,20220419,688526,-0.05779,1.0
50344,20220419,688518,-0.058953,0.0
50345,20220419,688518,-0.058953,0.0
50346,20220420,300275,0.126457,0.0
50347,20220420,688169,0.113139,1.0
50348,20220420,300955,0.067894,1.0
50349,20220420,300955,0.067894,1.0
50350,20220420,300955,0.067894,1.0
50351,20220420,300955,0.067894,0.0
50352,20220420,300801,0.063934,1.0
50353,20220420,688363,0.047092,0.0
50354,20220420,688363,0.047092,1.0
50355,20220420,300268,0.024621,1.0
50356,20220420,300751,0.019595,0.0
50357,20220420,300751,0.019595,0.0
50358,20220420,688550,0.014626,1.0
50359,20220420,688550,0.014626,1.0
50360,20220420,688550,0.014626,1.0
50361,20220420,300373,0.011723,1.0
50362,20220420,688611,0.002117,0.0
50363,20220420,300673,-0.001268,1.0
50364,20220420,300673,-0.001268,1.0
50365,20220420,300673,-0.001268,1.0
50366,20220420,300911,-0.008446,1.0
50367,20220420,300911,-0.008446,0.0
50368,20220420,300911,-0.008446,1.0
50369,20220420,300911,-0.008446,1.0
50370,20220420,300911,-0.008446,1.0
50371,20220420,688200,-0.008665,0.0
50372,20220420,688200,-0.008665,0.0
50373,20220420,688200,-0.008665,1.0
50374,20220420,688200,-0.008665,0.0
50375,20220420,300327,-0.010239,1.0
50376,20220420,300068,-0.010358,1.0
50377,20220420,300573,-0.011778,1.0
50378,20220420,688116,-0.012596,0.0
50379,20220420,688167,-0.013592,1.0
50380,20220420,688296,-0.01377,0.0
50381,20220420,300284,-0.015625,0.0
50382,20220420,300284,-0.015625,0.0
50383,20220420,688257,-0.018207,0.0
50384,20220420,301099,-0.018626,1.0
50385,20220420,300855,-0.021588,1.0
50386,20220420,300855,-0.021588,1.0
50387,20220420,688700,-0.021859,0.0
50388,20220420,688665,-0.022005,0.0
50389,20220420,300454,-0.024975,0.0
50390,20220420,300454,-0.024975,0.0
50391,20220420,300454,-0.024975,0.0
50392,20220420,300454,-0.024975,0.0
50393,20220420,300454,-0.024975,0.0
50394,20220420,300760,-0.026827,1.0
50395,20220420,300760,-0.026827,1.0
50396,20220420,300760,-0.026827,0.0
50397,20220420,300760,-0.026827,1.0
50398,20220420,300760,-0.026827,1.0
50399,20220420,300760,-0.026827,1.0
50400,20220420,300760,-0.026827,0.0
50401,20220420,300760,-0.026827,1.0
50402,20220420,300760,-0.026827,0.0
50403,20220420,688608,-0.02834,0.0
50404,20220420,688516,-0.032093,0.0
50405,20220420,688516,-0.032093,0.0
50406,20220420,688516,-0.032093,1.0
50407,20220420,300418,-0.032601,0.0
50408,20220420,300811,-0.034732,0.0
50409,20220420,301087,-0.035245,1.0
50410,20220420,300083,-0.03568,1.0
50411,20220420,300623,-0.036139,1.0
50412,20220420,300618,-0.037524,1.0
50413,20220420,300766,-0.037559,0.0
50414,20220420,688039,-0.037913,0.0
50415,20220420,688039,-0.037913,0.0
50416,20220420,300453,-0.040991,1.0
50417,20220420,688100,-0.041096,0.0
50418,20220420,688100,-0.041096,0.0
50419,20220420,688100,-0.041096,0.0
50420,20220420,300363,-0.041521,1.0
50421,20220420,300813,-0.04258,1.0
50422,20220420,300755,-0.044562,1.0
50423,20220420,300755,-0.044562,1.0
50424,20220420,300755,-0.044562,1.0
50425,20220420,300708,-0.044702,1.0
50426,20220420,688518,-0.045136,0.0
50427,20220420,688518,-0.045136,1.0
50428,20220420,688518,-0.045136,0.0
50429,20220420,688286,-0.046635,0.0
50430,20220420,300498,-0.048713,0.0
50431,20220420,300918,-0.049741,1.0
50432,20220420,300394,-0.051842,1.0
50433,20220420,300394,-0.051842,0.0
50434,20220420,300394,-0.051842,1.0
50435,20220420,300354,-0.053358,0.0
50436,20220420,301188,-0.053957,0.0
50437,20220420,300463,-0.054117,1.0
50438,20220420,300463,-0.054117,0.0
50439,20220420,300696,-0.058196,1.0
50440,20220420,301126,-0.062467,1.0
50441,20220420,688179,-0.066071,0.0
50442,20220420,688526,-0.07262,1.0
50443,20220420,300274,-0.105438,1.0
50444,20220420,300274,-0.105438,1.0
50445,20220420,300274,-0.105438,0.0
50446,20220420,300274,-0.105438,1.0
50447,20220420,300274,-0.105438,1.0
50448,20220421,301190,0.060827,1.0
50449,20220421,300957,0.052661,1.0
50450,20220421,688687,0.037427,0.0
50451,20220421,300760,0.035452,1.0
50452,20220421,300760,0.035452,1.0
50453,20220421,300760,0.035452,1.0
50454,20220421,300760,0.035452,0.0
50455,20220421,300760,0.035452,1.0
50456,20220421,300196,0.026851,0.0
50457,20220421,301117,0.023308,1.0
50458,20220421,300451,0.021771,0.0
50459,20220421,688050,0.013469,0.0
50460,20220421,688050,0.013469,1.0
50461,20220421,300911,0.012777,1.0
50462,20220421,300274,0.010391,1.0
50463,20220421,300274,0.010391,1.0
50464,20220421,300274,0.010391,1.0
50465,20220421,300274,0.010391,0.0
50466,20220421,300274,0.010391,0.0
50467,20220421,300274,0.010391,1.0
50468,20220421,300274,0.010391,1.0
50469,20220421,688169,0.007594,1.0
50470,20220421,300696,0.004481,0.0
50471,20220421,688333,0.001603,1.0
50472,20220421,300723,0.000756,0.0
50473,20220421,300181,0.0,1.0
50474,20220421,300867,0.0,0.0
50475,20220421,688019,-0.003968,1.0
50476,20220421,688363,-0.010898,0.0
50477,20220421,688363,-0.010898,0.0
50478,20220421,300453,-0.013917,1.0
50479,20220421,688326,-0.014363,1.0
50480,20220421,300450,-0.014557,1.0
50481,20220421,300673,-0.014603,1.0
50482,20220421,300673,-0.014603,1.0
50483,20220421,300327,-0.015517,1.0
50484,20220421,688516,-0.015635,1.0
50485,20220421,688536,-0.016087,0.0
50486,20220421,688536,-0.016087,1.0
50487,20220421,688536,-0.016087,0.0
50488,20220421,300685,-0.01763,1.0
50489,20220421,688233,-0.018405,1.0
50490,20220421,688179,-0.01912,0.0
50491,20220421,688561,-0.019204,0.0
50492,20220421,688395,-0.01999,1.0
50493,20220421,688032,-0.020408,0.0
50494,20220421,688032,-0.020408,0.0
50495,20220421,300460,-0.023083,1.0
50496,20220421,300454,-0.023566,0.0
50497,20220421,300454,-0.023566,0.0
50498,20220421,300454,-0.023566,0.0
50499,20220421,300803,-0.024007,1.0
50500,20220421,300715,-0.02439,0.0
50501,20220421,688200,-0.025463,0.0
50502,20220421,300679,-0.025693,1.0
50503,20220421,688028,-0.027759,0.0
50504,20220421,688772,-0.02779,1.0
50505,20220421,688180,-0.029501,0.0
50506,20220421,300573,-0.030147,1.0
50507,20220421,688072,-0.033862,1.0
50508,20220421,688518,-0.03423,1.0
50509,20220421,300532,-0.034281,0.0
50510,20220421,300955,-0.037356,1.0
50511,20220421,300955,-0.037356,1.0
50512,20220421,300955,-0.037356,1.0
50513,20220421,300855,-0.037463,1.0
50514,20220421,300855,-0.037463,1.0
50515,20220421,688798,-0.038199,0.0
50516,20220421,300682,-0.03914,0.0
50517,20220421,300394,-0.042024,0.0
50518,20220421,688100,-0.043407,0.0
50519,20220421,300343,-0.048203,1.0
50520,20220421,300623,-0.048925,1.0
50521,20220421,688153,-0.062341,1.0
50522,20220421,300268,-0.067652,1.0
50523,20220421,300240,-0.103689,0.0
50524,20220422,300832,0.03589,0.0
50525,20220422,300832,0.03589,0.0
50526,20220422,300832,0.03589,0.0
50527,20220422,300532,0.002597,0.0
50528,20220422,688303,-0.017238,0.0
50529,20220422,688169,-0.021759,0.0
50530,20220422,688169,-0.021759,0.0
50531,20220422,688169,-0.021759,1.0
50532,20220422,688169,-0.021759,0.0
50533,20220422,688169,-0.021759,1.0
50534,20220422,688169,-0.021759,1.0
50535,20220422,688169,-0.021759,0.0
50536,20220422,688169,-0.021759,0.0
50537,20220422,301219,-0.023188,1.0
50538,20220422,688639,-0.029074,0.0
50539,20220422,300327,-0.029772,0.0
50540,20220422,300498,-0.040288,0.0
50541,20220422,688105,-0.041919,1.0
50542,20220422,688105,-0.041919,0.0
50543,20220422,688105,-0.041919,1.0
50544,20220422,688105,-0.041919,1.0
50545,20220422,688105,-0.041919,1.0
50546,20220422,688105,-0.041919,0.0
50547,20220422,688665,-0.042008,0.0
50548,20220422,300502,-0.043234,1.0
50549,20220422,300502,-0.043234,0.0
50550,20220422,300502,-0.043234,0.0
50551,20220422,300841,-0.048427,1.0
50552,20220422,300841,-0.048427,1.0
50553,20220422,688262,-0.049238,0.0
50554,20220422,300568,-0.049251,1.0
50555,20220422,300568,-0.049251,1.0
50556,20220422,300888,-0.051195,1.0
50557,20220422,300888,-0.051195,1.0
50558,20220422,300850,-0.053506,1.0
50559,20220422,301177,-0.058399,1.0
50560,20220422,301177,-0.058399,1.0
50561,20220422,301177,-0.058399,1.0
50562,20220422,301177,-0.058399,1.0
50563,20220422,688036,-0.05861,0.0
50564,20220422,688798,-0.058615,0.0
50565,20220422,688198,-0.059548,0.0
50566,20220422,688198,-0.059548,0.0
50567,20220422,688516,-0.060435,0.0
50568,20220422,300750,-0.060769,1.0
50569,20220422,300750,-0.060769,1.0
50570,20220422,300750,-0.060769,1.0
50571,20220422,300750,-0.060769,1.0
50572,20220422,300750,-0.060769,0.0
50573,20220422,300750,-0.060769,1.0
50574,20220422,300750,-0.060769,1.0
50575,20220422,300750,-0.060769,1.0
50576,20220422,688131,-0.063789,0.0
50577,20220422,688131,-0.063789,0.0
50578,20220422,688131,-0.063789,0.0
50579,20220422,688131,-0.063789,0.0
50580,20220422,688131,-0.063789,0.0
50581,20220422,688131,-0.063789,0.0
50582,20220422,300715,-0.066129,1.0
50583,20220422,688696,-0.067313,1.0
50584,20220422,688696,-0.067313,1.0
50585,20220422,688696,-0.067313,1.0
50586,20220422,688696,-0.067313,0.0
50587,20220422,688696,-0.067313,0.0
50588,20220422,300723,-0.069109,1.0
50589,20220422,300181,-0.07117,1.0
50590,20220422,300811,-0.072084,1.0
50591,20220422,300101,-0.075858,1.0
50592,20220422,688526,-0.079278,1.0
50593,20220422,688166,-0.080232,0.0
50594,20220422,300662,-0.081038,0.0
50595,20220422,300662,-0.081038,0.0
50596,20220422,300662,-0.081038,0.0
50597,20220422,300662,-0.081038,1.0
50598,20220422,300662,-0.081038,0.0
50599,20220422,300662,-0.081038,0.0
50600,20220422,300681,-0.081839,1.0
50601,20220422,300681,-0.081839,1.0
50602,20220422,688518,-0.083122,0.0
50603,20220422,688072,-0.085991,1.0
50604,20220422,688072,-0.085991,0.0
50605,20220422,300373,-0.091473,1.0
50606,20220422,300196,-0.09258,1.0
50607,20220422,300196,-0.09258,1.0
50608,20220422,300566,-0.09596,0.0
50609,20220422,300075,-0.096591,0.0
50610,20220422,300319,-0.09816,1.0
50611,20220422,300383,-0.09847,0.0
50612,20220422,300383,-0.09847,0.0
50613,20220422,301221,-0.099174,0.0
50614,20220422,301221,-0.099174,0.0
50615,20220422,300499,-0.101237,1.0
50616,20220422,300577,-0.102312,1.0
50617,20220422,300802,-0.105044,1.0
50618,20220422,300696,-0.107537,1.0
50619,20220422,300696,-0.107537,1.0
50620,20220422,688339,-0.107692,0.0
50621,20220422,300617,-0.111902,1.0
50622,20220422,688378,-0.123107,0.0
50623,20220422,300993,-0.125642,1.0
50624,20220422,300994,-0.010791,1.0
50625,20220422,300888,-0.051195,1.0
50626,20220422,300564,0.193994,0.0
50627,20220422,300832,0.03589,1.0
50628,20220422,300593,0.009862,1.0
50629,20220422,300593,0.009862,1.0
50630,20220422,300628,0.005921,1.0
50631,20220422,300628,0.005921,0.0
50632,20220422,300628,0.005921,1.0
50633,20220422,300775,-0.004274,0.0
50634,20220422,300059,-0.008633,1.0
50635,20220422,300059,-0.008633,1.0
50636,20220422,300059,-0.008633,1.0
50637,20220422,300059,-0.008633,1.0
50638,20220422,300059,-0.008633,1.0
50639,20220422,300059,-0.008633,1.0
50640,20220422,300059,-0.008633,1.0
50641,20220422,300253,-0.011628,0.0
50642,20220422,300253,-0.011628,0.0
50643,20220422,688303,-0.017238,0.0
50644,20220422,688303,-0.017238,0.0
50645,20220422,688303,-0.017238,0.0
50646,20220422,301069,-0.018738,1.0
50647,20220422,688169,-0.021759,0.0
50648,20220422,688169,-0.021759,0.0
50649,20220422,688169,-0.021759,0.0
50650,20220422,688169,-0.021759,1.0
50651,20220422,688283,-0.024828,1.0
50652,20220422,301080,-0.026028,0.0
50653,20220422,300860,-0.031084,0.0
50654,20220422,688261,-0.03123,0.0
50655,20220422,688223,-0.034612,0.0
50656,20220422,688126,-0.039269,0.0
50657,20220422,300661,-0.039286,1.0
50658,20220422,300661,-0.039286,0.0
50659,20220422,300661,-0.039286,1.0
50660,20220422,688396,-0.040244,1.0
50661,20220422,688105,-0.041919,0.0
50662,20220422,300502,-0.043234,1.0
50663,20220422,300502,-0.043234,1.0
50664,20220422,300888,-0.051195,1.0
50665,20220422,300888,-0.051195,1.0
50666,20220422,300888,-0.051195,1.0
50667,20220422,300888,-0.051195,1.0
50668,20220422,300888,-0.051195,1.0
50669,20220422,300888,-0.051195,1.0
50670,20220422,300850,-0.053506,1.0
50671,20220422,300850,-0.053506,1.0
50672,20220422,300850,-0.053506,0.0
50673,20220422,300861,-0.054761,1.0
50674,20220422,301177,-0.058399,1.0
50675,20220422,301177,-0.058399,1.0
50676,20220422,301177,-0.058399,1.0
50677,20220422,301177,-0.058399,1.0
50678,20220422,301177,-0.058399,1.0
50679,20220422,300750,-0.060769,1.0
50680,20220422,300750,-0.060769,1.0
50681,20220422,688131,-0.063789,0.0
50682,20220422,688017,-0.064813,0.0
50683,20220422,300715,-0.066129,1.0
50684,20220422,300858,-0.066868,1.0
50685,20220422,688696,-0.067313,0.0
50686,20220422,688696,-0.067313,1.0
50687,20220422,688696,-0.067313,0.0
50688,20220422,688696,-0.067313,0.0
50689,20220422,688696,-0.067313,1.0
50690,20220422,300144,-0.068991,0.0
50691,20220422,300144,-0.068991,0.0
50692,20220422,300702,-0.069688,1.0
50693,20220422,300363,-0.072859,1.0
50694,20220422,688179,-0.076998,0.0
50695,20220422,300726,-0.077736,0.0
50696,20220422,300726,-0.077736,1.0
50697,20220422,300604,-0.078176,0.0
50698,20220422,300662,-0.081038,1.0
50699,20220422,300855,-0.081184,0.0
50700,20220422,688116,-0.082547,0.0
50701,20220422,688116,-0.082547,0.0
50702,20220422,688127,-0.084187,0.0
50703,20220422,300990,-0.089145,1.0
50704,20220422,688023,-0.089487,0.0
50705,20220422,688023,-0.089487,0.0
50706,20220422,300825,-0.091809,0.0
50707,20220422,300915,-0.092105,0.0
50708,20220422,300676,-0.092242,0.0
50709,20220422,688311,-0.096306,1.0
50710,20220422,300383,-0.09847,0.0
50711,20220422,300383,-0.09847,1.0
50712,20220422,300871,-0.099617,1.0
50713,20220422,300499,-0.101237,1.0
50714,20220422,301087,-0.101331,1.0
50715,20220422,300624,-0.104242,0.0
50716,20220422,688156,-0.104938,0.0
50717,20220422,300378,-0.105058,0.0
50718,20220422,688389,-0.105415,0.0
50719,20220422,300696,-0.107537,1.0
50720,20220422,300348,-0.114954,1.0
50721,20220422,300354,-0.120404,1.0
50722,20220422,300031,-0.124755,0.0
50723,20220422,300031,-0.124755,0.0
50724,20220422,688212,-0.124776,0.0
50725,20220422,300993,-0.125642,1.0
50726,20220422,301021,-0.137378,1.0
50727,20220422,300887,-0.145083,0.0
50728,20220422,300887,-0.145083,1.0
50729,20220422,300887,-0.145083,0.0
50730,20220422,300887,-0.145083,0.0
50731,20220422,300887,-0.145083,0.0
50732,20220422,300856,-0.15641,1.0
50733,20220422,300856,-0.15641,1.0
50734,20220422,688368,-0.160066,0.0
50735,20220422,300783,-0.179365,1.0
50736,20220425,688363,0.080825,1.0
50737,20220425,688677,0.054445,1.0
50738,20220425,688677,0.054445,0.0
50739,20220425,300413,0.052905,0.0
50740,20220425,300413,0.052905,0.0
50741,20220425,300413,0.052905,0.0
50742,20220425,300413,0.052905,0.0
50743,20220425,300413,0.052905,1.0
50744,20220425,300413,0.052905,0.0
50745,20220425,300482,0.037211,1.0
50746,20220425,300482,0.037211,1.0
50747,20220425,300482,0.037211,1.0
50748,20220425,300482,0.037211,1.0
50749,20220425,300012,0.035506,0.0
50750,20220425,300012,0.035506,0.0
50751,20220425,300012,0.035506,0.0
50752,20220425,301080,0.033937,1.0
50753,20220425,300308,0.030647,0.0
50754,20220425,300308,0.030647,1.0
50755,20220425,300308,0.030647,1.0
50756,20220425,300308,0.030647,1.0
50757,20220425,300308,0.030647,1.0
50758,20220425,300887,0.030614,0.0
50759,20220425,300294,0.029586,1.0
50760,20220425,300642,0.02814,1.0
50761,20220425,688223,0.028101,0.0
50762,20220425,688223,0.028101,0.0
50763,20220425,688223,0.028101,0.0
50764,20220425,688223,0.028101,0.0
50765,20220425,688800,0.025443,1.0
50766,20220425,688099,0.021108,0.0
50767,20220425,688105,0.020006,0.0
50768,20220425,688105,0.020006,0.0
50769,20220425,688105,0.020006,1.0
50770,20220425,688169,0.019609,0.0
50771,20220425,688169,0.019609,0.0
50772,20220425,688696,0.016657,1.0
50773,20220425,688696,0.016657,0.0
50774,20220425,300196,0.016355,1.0
50775,20220425,300428,0.015674,1.0
50776,20220425,300428,0.015674,0.0
50777,20220425,300373,0.013652,1.0
50778,20220425,688690,0.010774,0.0
50779,20220425,300360,0.008368,1.0
50780,20220425,300860,0.006521,0.0
50781,20220425,300059,0.00387,1.0
50782,20220425,300059,0.00387,1.0
50783,20220425,300059,0.00387,1.0
50784,20220425,300059,0.00387,1.0
50785,20220425,301009,0.002467,0.0
50786,20220425,301009,0.002467,1.0
50787,20220425,688793,0.00204,0.0
50788,20220425,688793,0.00204,0.0
50789,20220425,688793,0.00204,1.0
50790,20220425,688793,0.00204,0.0
50791,20220425,688793,0.00204,0.0
50792,20220425,688793,0.00204,1.0
50793,20220425,300662,0.001228,0.0
50794,20220425,688279,0.000378,0.0
50795,20220425,688326,-0.000819,1.0
50796,20220425,688195,-0.005128,1.0
50797,20220425,300604,-0.006007,1.0
50798,20220425,300604,-0.006007,1.0
50799,20220425,688198,-0.007801,0.0
50800,20220425,300593,-0.007967,1.0
50801,20220425,300136,-0.009366,1.0
50802,20220425,300498,-0.009995,0.0
50803,20220425,300832,-0.010844,0.0
50804,20220425,300894,-0.012715,1.0
50805,20220425,300031,-0.014925,0.0
50806,20220425,688078,-0.015041,0.0
50807,20220425,688109,-0.015232,0.0
50808,20220425,688396,-0.018002,0.0
50809,20220425,688396,-0.018002,0.0
50810,20220425,300757,-0.01806,1.0
50811,20220425,301129,-0.018083,1.0
50812,20220425,301101,-0.020354,1.0
50813,20220425,301101,-0.020354,0.0
50814,20220425,301101,-0.020354,1.0
50815,20220425,300695,-0.021675,1.0
50816,20220425,688212,-0.022564,1.0
50817,20220425,300408,-0.025765,1.0
50818,20220425,300408,-0.025765,1.0
50819,20220425,300982,-0.025902,1.0
50820,20220425,300982,-0.025902,0.0
50821,20220425,300982,-0.025902,0.0
50822,20220425,300888,-0.027518,1.0
50823,20220425,300888,-0.027518,0.0
50824,20220425,300888,-0.027518,1.0
50825,20220425,300223,-0.027808,1.0
50826,20220425,300636,-0.028846,1.0
50827,20220425,300628,-0.0293,1.0
50828,20220425,300628,-0.0293,0.0
50829,20220425,300628,-0.0293,0.0
50830,20220425,300628,-0.0293,0.0
50831,20220425,300502,-0.030728,1.0
50832,20220425,300661,-0.031636,1.0
50833,20220425,301177,-0.032753,1.0
50834,20220425,300750,-0.033581,1.0
50835,20220425,300166,-0.03444,0.0
50836,20220425,300253,-0.035294,0.0
50837,20220425,300253,-0.035294,0.0
50838,20220425,300253,-0.035294,1.0
50839,20220425,688259,-0.036361,0.0
50840,20220425,300383,-0.040297,1.0
50841,20220425,688023,-0.041564,1.0
50842,20220425,688023,-0.041564,1.0
50843,20220425,300378,-0.043478,1.0
50844,20220425,300841,-0.044889,1.0
50845,20220425,300529,-0.047216,0.0
50846,20220425,300319,-0.047619,1.0
50847,20220425,688246,-0.047692,1.0
50848,20220425,301006,-0.048387,0.0
50849,20220425,301219,-0.050779,1.0
50850,20220425,300450,-0.051476,1.0
50851,20220425,300450,-0.051476,1.0
50852,20220425,300450,-0.051476,0.0
50853,20220425,300450,-0.051476,1.0
50854,20220425,300450,-0.051476,1.0
50855,20220425,688017,-0.053918,0.0
50856,20220425,688017,-0.053918,0.0
50857,20220425,688676,-0.054054,1.0
50858,20220425,688286,-0.05411,1.0
50859,20220425,300738,-0.055589,0.0
50860,20220425,688686,-0.060014,1.0
50861,20220425,688682,-0.061006,1.0
50862,20220425,300861,-0.062283,0.0
50863,20220425,300861,-0.062283,1.0
50864,20220425,300861,-0.062283,1.0
50865,20220425,300861,-0.062283,0.0
50866,20220425,300761,-0.062397,0.0
50867,20220425,300761,-0.062397,0.0
50868,20220425,300994,-0.063273,0.0
50869,20220425,300994,-0.063273,1.0
50870,20220425,300994,-0.063273,0.0
50871,20220425,300382,-0.0671,1.0
50872,20220425,300144,-0.067863,0.0
50873,20220425,300144,-0.067863,0.0
50874,20220425,300144,-0.067863,0.0
50875,20220425,300144,-0.067863,0.0
50876,20220425,300144,-0.067863,0.0
50877,20220425,300144,-0.067863,0.0
50878,20220425,300806,-0.076758,1.0
50879,20220425,300993,-0.081789,1.0
50880,20220425,301166,-0.084277,1.0
50881,20220425,688559,-0.088467,1.0
50882,20220425,300973,-0.095321,1.0
50883,20220425,300973,-0.095321,1.0
50884,20220425,300973,-0.095321,1.0
50885,20220425,300973,-0.095321,1.0
50886,20220425,300973,-0.095321,1.0
50887,20220425,300973,-0.095321,1.0
50888,20220425,300973,-0.095321,1.0
50889,20220425,688656,-0.106628,0.0
50890,20220425,688233,-0.186636,0.0
50891,20220426,688383,0.200028,1.0
50892,20220426,300393,0.2,1.0
50893,20220426,300811,0.2,0.0
50894,20220426,301029,0.199964,0.0
50895,20220426,300573,0.148328,1.0
50896,20220426,300130,0.136999,1.0
50897,20220426,300861,0.129499,1.0
50898,20220426,300861,0.129499,0.0
50899,20220426,301071,0.121649,0.0
50900,20220426,300820,0.121505,1.0
50901,20220426,688052,0.119376,0.0
50902,20220426,300014,0.116047,0.0
50903,20220426,300014,0.116047,1.0
50904,20220426,300763,0.114952,1.0
50905,20220426,300763,0.114952,1.0
50906,20220426,300763,0.114952,1.0
50907,20220426,300763,0.114952,1.0
50908,20220426,300661,0.113286,0.0
50909,20220426,688281,0.109758,0.0
50910,20220426,300769,0.106714,1.0
50911,20220426,688680,0.102098,1.0
50912,20220426,300699,0.100537,1.0
50913,20220426,300681,0.100187,0.0
50914,20220426,300124,0.09901,1.0
50915,20220426,300124,0.09901,1.0
50916,20220426,300682,0.096123,0.0
50917,20220426,300682,0.096123,0.0
50918,20220426,300682,0.096123,0.0
50919,20220426,300682,0.096123,0.0
50920,20220426,300682,0.096123,0.0
50921,20220426,688179,0.089928,0.0
50922,20220426,300593,0.088083,1.0
50923,20220426,688598,0.086957,0.0
50924,20220426,688598,0.086957,1.0
50925,20220426,300373,0.085354,1.0
50926,20220426,300373,0.085354,1.0
50927,20220426,688019,0.081549,1.0
50928,20220426,688696,0.080508,0.0
50929,20220426,300870,0.079772,1.0
50930,20220426,688212,0.079748,1.0
50931,20220426,300750,0.079708,1.0
50932,20220426,300837,0.078045,1.0
50933,20220426,300450,0.07716,0.0
50934,20220426,300450,0.07716,1.0
50935,20220426,300450,0.07716,1.0
50936,20220426,300450,0.07716,1.0
50937,20220426,300450,0.07716,1.0
50938,20220426,300666,0.0768,1.0
50939,20220426,688667,0.075779,1.0
50940,20220426,688390,0.075526,1.0
50941,20220426,688390,0.075526,1.0
50942,20220426,688390,0.075526,1.0
50943,20220426,688390,0.075526,1.0
50944,20220426,688390,0.075526,1.0
50945,20220426,688330,0.073733,0.0
50946,20220426,300171,0.07166,1.0
50947,20220426,300735,0.069597,1.0
50948,20220426,688301,0.068538,0.0
50949,20220426,300415,0.067633,1.0
50950,20220426,300415,0.067633,0.0
50951,20220426,300415,0.067633,0.0
50952,20220426,688326,0.0652,1.0
50953,20220426,688050,0.065017,0.0
50954,20220426,300101,0.060831,0.0
50955,20220426,300054,0.06035,1.0
50956,20220426,300054,0.06035,0.0
50957,20220426,688299,0.059986,0.0
50958,20220426,300413,0.058128,1.0
50959,20220426,300413,0.058128,1.0
50960,20220426,300413,0.058128,0.0
50961,20220426,300413,0.058128,0.0
50962,20220426,300413,0.058128,0.0
50963,20220426,300413,0.058128,1.0
50964,20220426,300413,0.058128,0.0
50965,20220426,300413,0.058128,0.0
50966,20220426,300413,0.058128,0.0
50967,20220426,300166,0.057325,0.0
50968,20220426,300775,0.056934,1.0
50969,20220426,300775,0.056934,1.0
50970,20220426,301050,0.056866,1.0
50971,20220426,300012,0.056834,0.0
50972,20220426,300738,0.056274,0.0
50973,20220426,301080,0.056053,0.0
50974,20220426,300088,0.054965,1.0
50975,20220426,300379,0.054187,1.0
50976,20220426,300379,0.054187,0.0
50977,20220426,300700,0.050826,0.0
50978,20220426,300841,0.049913,0.0
50979,20220426,688056,0.048571,1.0
50980,20220426,688029,0.047181,0.0
50981,20220426,688029,0.047181,0.0
50982,20220426,688622,0.046027,1.0
50983,20220426,688166,0.045786,1.0
50984,20220426,300866,0.045472,0.0
50985,20220426,300866,0.045472,0.0
50986,20220426,300866,0.045472,1.0
50987,20220426,300866,0.045472,1.0
50988,20220426,300408,0.045455,1.0
50989,20220426,301073,0.044256,1.0
50990,20220426,301073,0.044256,1.0
50991,20220426,301073,0.044256,1.0
50992,20220426,301073,0.044256,1.0
50993,20220426,300059,0.043373,1.0
50994,20220426,300059,0.043373,1.0
50995,20220426,300059,0.043373,1.0
50996,20220426,300059,0.043373,0.0
50997,20220426,300253,0.04336,0.0
50998,20220426,300253,0.04336,0.0
50999,20220426,300253,0.04336,0.0
51000,20220426,300253,0.04336,0.0
51001,20220426,300284,0.043243,0.0
51002,20220426,300430,0.042683,0.0
51003,20220426,688690,0.042191,0.0
51004,20220426,688690,0.042191,0.0
51005,20220426,300624,0.041459,1.0
51006,20220426,300911,0.041241,1.0
51007,20220426,688777,0.040677,0.0
51008,20220426,688777,0.040677,1.0
51009,20220426,688777,0.040677,1.0
51010,20220426,688777,0.040677,0.0
51011,20220426,300040,0.039519,1.0
51012,20220426,688208,0.038751,1.0
51013,20220426,688208,0.038751,1.0
51014,20220426,688208,0.038751,1.0
51015,20220426,300383,0.038674,0.0
51016,20220426,300383,0.038674,0.0
51017,20220426,300896,0.037769,1.0
51018,20220426,300033,0.037401,1.0
51019,20220426,300033,0.037401,1.0
51020,20220426,688036,0.034361,0.0
51021,20220426,688363,0.033413,1.0
51022,20220426,688363,0.033413,1.0
51023,20220426,688363,0.033413,1.0
51024,20220426,688363,0.033413,0.0
51025,20220426,688363,0.033413,0.0
51026,20220426,688363,0.033413,0.0
51027,20220426,688363,0.033413,1.0
51028,20220426,688363,0.033413,1.0
51029,20220426,688363,0.033413,0.0
51030,20220426,688289,0.033397,0.0
51031,20220426,300031,0.032576,1.0
51032,20220426,688238,0.032335,0.0
51033,20220426,300003,0.031737,1.0
51034,20220426,300856,0.031325,1.0
51035,20220426,300308,0.030738,0.0
51036,20220426,300308,0.030738,0.0
51037,20220426,300816,0.030214,0.0
51038,20220426,300217,0.030055,1.0
51039,20220426,300768,0.029805,0.0
51040,20220426,300564,0.026178,0.0
51041,20220426,300575,0.02359,1.0
51042,20220426,300575,0.02359,1.0
51043,20220426,300761,0.023117,0.0
51044,20220426,300285,0.022996,0.0
51045,20220426,300285,0.022996,1.0
51046,20220426,300733,0.021164,1.0
51047,20220426,300888,0.020899,1.0
51048,20220426,688798,0.020239,1.0
51049,20220426,688798,0.020239,1.0
51050,20220426,688798,0.020239,0.0
51051,20220426,300015,0.020162,0.0
51052,20220426,300015,0.020162,0.0
51053,20220426,300015,0.020162,0.0
51054,20220426,300015,0.020162,0.0
51055,20220426,300015,0.020162,0.0
51056,20220426,300015,0.020162,0.0
51057,20220426,300015,0.020162,0.0
51058,20220426,300144,0.019247,0.0
51059,20220426,300144,0.019247,0.0
51060,20220426,300860,0.018139,0.0
51061,20220426,300642,0.017233,1.0
51062,20220426,688310,0.017205,0.0
51063,20220426,688793,0.016516,1.0
51064,20220426,688793,0.016516,1.0
51065,20220426,688793,0.016516,1.0
51066,20220426,688793,0.016516,1.0
51067,20220426,688793,0.016516,1.0
51068,20220426,301096,0.016399,0.0
51069,20220426,301096,0.016399,0.0
51070,20220426,301096,0.016399,0.0
51071,20220426,301096,0.016399,0.0
51072,20220426,300858,0.0161,1.0
51073,20220426,301177,0.014229,1.0
51074,20220426,301177,0.014229,1.0
51075,20220426,300630,0.013184,1.0
51076,20220426,689009,0.011853,1.0
51077,20220426,689009,0.011853,0.0
51078,20220426,689009,0.011853,1.0
51079,20220426,688677,0.009542,0.0
51080,20220426,688677,0.009542,0.0
51081,20220426,688561,0.009284,0.0
51082,20220426,688561,0.009284,0.0
51083,20220426,688233,0.007282,0.0
51084,20220426,688233,0.007282,0.0
51085,20220426,688023,0.006801,0.0
51086,20220426,688023,0.006801,0.0
51087,20220426,688023,0.006801,0.0
51088,20220426,300783,0.005376,1.0
51089,20220426,300783,0.005376,1.0
51090,20220426,300783,0.005376,1.0
51091,20220426,300783,0.005376,1.0
51092,20220426,300973,0.004877,1.0
51093,20220426,300973,0.004877,1.0
51094,20220426,300973,0.004877,1.0
51095,20220426,300529,0.004684,0.0
51096,20220426,300760,0.003145,1.0
51097,20220426,300894,-0.00161,1.0
51098,20220426,300894,-0.00161,1.0
51099,20220426,300894,-0.00161,1.0
51100,20220426,300894,-0.00161,1.0
51101,20220426,300894,-0.00161,1.0
51102,20220426,300894,-0.00161,1.0
51103,20220426,688080,-0.005605,0.0
51104,20220426,301122,-0.014085,1.0
51105,20220426,688180,-0.033495,1.0
51106,20220426,300994,-0.039596,1.0
51107,20220426,300482,-0.055464,0.0
51108,20220427,300662,0.12875,1.0
51109,20220427,300125,0.106569,1.0
51110,20220427,300573,0.088301,1.0
51111,20220427,300573,0.088301,1.0
51112,20220427,300573,0.088301,0.0
51113,20220427,300244,0.08652,0.0
51114,20220427,300244,0.08652,0.0
51115,20220427,300196,0.081737,1.0
51116,20220427,300196,0.081737,1.0
51117,20220427,688022,0.05269,0.0
51118,20220427,300118,0.050399,0.0
51119,20220427,300124,0.04955,1.0
51120,20220427,300124,0.04955,1.0
51121,20220427,300124,0.04955,1.0
51122,20220427,300124,0.04955,0.0
51123,20220427,688122,0.046131,0.0
51124,20220427,300604,0.045789,1.0
51125,20220427,300014,0.042289,1.0
51126,20220427,300893,0.042231,0.0
51127,20220427,300596,0.03952,1.0
51128,20220427,300596,0.03952,0.0
51129,20220427,300596,0.03952,1.0
51130,20220427,300596,0.03952,0.0
51131,20220427,300596,0.03952,1.0
51132,20220427,300873,0.035652,0.0
51133,20220427,300776,0.034634,1.0
51134,20220427,300776,0.034634,1.0
51135,20220427,300911,0.033283,1.0
51136,20220427,300911,0.033283,1.0
51137,20220427,301050,0.031931,1.0
51138,20220427,300357,0.030208,0.0
51139,20220427,300357,0.030208,1.0
51140,20220427,300357,0.030208,1.0
51141,20220427,688187,0.028953,0.0
51142,20220427,688187,0.028953,1.0
51143,20220427,300316,0.027273,1.0
51144,20220427,300316,0.027273,0.0
51145,20220427,300316,0.027273,0.0
51146,20220427,300316,0.027273,1.0
51147,20220427,300627,0.023116,1.0
51148,20220427,300595,0.022826,1.0
51149,20220427,300487,0.021905,1.0
51150,20220427,688520,0.013604,0.0
51151,20220427,300393,0.013305,1.0
51152,20220427,300724,0.011644,1.0
51153,20220427,300724,0.011644,1.0
51154,20220427,300724,0.011644,1.0
51155,20220427,300726,0.011294,1.0
51156,20220427,688330,0.00867,1.0
51157,20220427,300450,0.008596,1.0
51158,20220427,300450,0.008596,1.0
51159,20220427,300450,0.008596,1.0
51160,20220427,300450,0.008596,1.0
51161,20220427,300957,0.004685,1.0
51162,20220427,301071,0.003331,1.0
51163,20220427,301071,0.003331,1.0
51164,20220427,301071,0.003331,1.0
51165,20220427,301071,0.003331,1.0
51166,20220427,301071,0.003331,1.0
51167,20220427,301071,0.003331,1.0
51168,20220427,300073,0.003072,1.0
51169,20220427,300073,0.003072,1.0
51170,20220427,300073,0.003072,1.0
51171,20220427,300073,0.003072,1.0
51172,20220427,300762,0.002661,1.0
51173,20220427,300994,0.002021,1.0
51174,20220427,300994,0.002021,1.0
51175,20220427,688363,0.00077,1.0
51176,20220427,688363,0.00077,1.0
51177,20220427,300747,0.000348,0.0
51178,20220427,688798,-0.00074,0.0
51179,20220427,300666,-0.002751,1.0
51180,20220427,300666,-0.002751,1.0
51181,20220427,300095,-0.004525,1.0
51182,20220427,688065,-0.005186,0.0
51183,20220427,300470,-0.005513,1.0
51184,20220427,301029,-0.005757,1.0
51185,20220427,301029,-0.005757,0.0
51186,20220427,300682,-0.006783,1.0
51187,20220427,300767,-0.006957,1.0
51188,20220427,300447,-0.006974,1.0
51189,20220427,300802,-0.007079,1.0
51190,20220427,688685,-0.007101,1.0
51191,20220427,301080,-0.007207,1.0
51192,20220427,300896,-0.008312,0.0
51193,20220427,300896,-0.008312,1.0
51194,20220427,300896,-0.008312,0.0
51195,20220427,300896,-0.008312,1.0
51196,20220427,300896,-0.008312,1.0
51197,20220427,300896,-0.008312,1.0
51198,20220427,300896,-0.008312,0.0
51199,20220427,300896,-0.008312,1.0
51200,20220427,300896,-0.008312,1.0
51201,20220427,300715,-0.008734,1.0
51202,20220427,688390,-0.00885,0.0
51203,20220427,688301,-0.008861,0.0
51204,20220427,300821,-0.009195,1.0
51205,20220427,300620,-0.010017,0.0
51206,20220427,688388,-0.011756,1.0
51207,20220427,688388,-0.011756,0.0
51208,20220427,688388,-0.011756,0.0
51209,20220427,300888,-0.012138,1.0
51210,20220427,300888,-0.012138,1.0
51211,20220427,300257,-0.013622,1.0
51212,20220427,300866,-0.013933,1.0
51213,20220427,300866,-0.013933,1.0
51214,20220427,300034,-0.01445,0.0
51215,20220427,300379,-0.015354,0.0
51216,20220427,300413,-0.01707,0.0
51217,20220427,300413,-0.01707,0.0
51218,20220427,300413,-0.01707,0.0
51219,20220427,300394,-0.017611,1.0
51220,20220427,300394,-0.017611,0.0
51221,20220427,300394,-0.017611,0.0
51222,20220427,688777,-0.017869,1.0
51223,20220427,688777,-0.017869,0.0
51224,20220427,688779,-0.019437,1.0
51225,20220427,688779,-0.019437,0.0
51226,20220427,688550,-0.019913,1.0
51227,20220427,300676,-0.020552,0.0
51228,20220427,688083,-0.021577,0.0
51229,20220427,688598,-0.02278,0.0
51230,20220427,688598,-0.02278,0.0
51231,20220427,300285,-0.022791,1.0
51232,20220427,300454,-0.022934,0.0
51233,20220427,300454,-0.022934,0.0
51234,20220427,300454,-0.022934,0.0
51235,20220427,300454,-0.022934,0.0
51236,20220427,300763,-0.023256,1.0
51237,20220427,300763,-0.023256,0.0
51238,20220427,300284,-0.023316,0.0
51239,20220427,300811,-0.023902,1.0
51240,20220427,300639,-0.024758,0.0
51241,20220427,300748,-0.026305,1.0
51242,20220427,300748,-0.026305,1.0
51243,20220427,300558,-0.027318,0.0
51244,20220427,301168,-0.028144,1.0
51245,20220427,688023,-0.02816,0.0
51246,20220427,688023,-0.02816,0.0
51247,20220427,300033,-0.030578,1.0
51248,20220427,300015,-0.030744,0.0
51249,20220427,300015,-0.030744,0.0
51250,20220427,300587,-0.031802,1.0
51251,20220427,300587,-0.031802,1.0
51252,20220427,300498,-0.032165,0.0
51253,20220427,300498,-0.032165,0.0
51254,20220427,300253,-0.032468,0.0
51255,20220427,300253,-0.032468,0.0
51256,20220427,688036,-0.03249,0.0
51257,20220427,300358,-0.033069,1.0
51258,20220427,301062,-0.033797,1.0
51259,20220427,301062,-0.033797,1.0
51260,20220427,300308,-0.034036,0.0
51261,20220427,300308,-0.034036,0.0
51262,20220427,300308,-0.034036,1.0
51263,20220427,300835,-0.034376,1.0
51264,20220427,688561,-0.036796,0.0
51265,20220427,688561,-0.036796,0.0
51266,20220427,688561,-0.036796,0.0
51267,20220427,688561,-0.036796,0.0
51268,20220427,688561,-0.036796,1.0
51269,20220427,301015,-0.03698,1.0
51270,20220427,301102,-0.037372,0.0
51271,20220427,301102,-0.037372,0.0
51272,20220427,688131,-0.037414,0.0
51273,20220427,688131,-0.037414,0.0
51274,20220427,688131,-0.037414,0.0
51275,20220427,688131,-0.037414,0.0
51276,20220427,688131,-0.037414,0.0
51277,20220427,688131,-0.037414,0.0
51278,20220427,300347,-0.03799,0.0
51279,20220427,300347,-0.03799,0.0
51280,20220427,300347,-0.03799,0.0
51281,20220427,300571,-0.038141,0.0
51282,20220427,688766,-0.039262,0.0
51283,20220427,688326,-0.040659,0.0
51284,20220427,688636,-0.04112,0.0
51285,20220427,301096,-0.041417,1.0
51286,20220427,688063,-0.041689,0.0
51287,20220427,688063,-0.041689,1.0
51288,20220427,688063,-0.041689,0.0
51289,20220427,688063,-0.041689,0.0
51290,20220427,688793,-0.041843,1.0
51291,20220427,300887,-0.042958,0.0
51292,20220427,300887,-0.042958,0.0
51293,20220427,300973,-0.044118,1.0
51294,20220427,300973,-0.044118,1.0
51295,20220427,300384,-0.044357,0.0
51296,20220427,300384,-0.044357,0.0
51297,20220427,301009,-0.044898,1.0
51298,20220427,301009,-0.044898,1.0
51299,20220427,688383,-0.046085,0.0
51300,20220427,688383,-0.046085,1.0
51301,20220427,688296,-0.047207,0.0
51302,20220427,300705,-0.047311,1.0
51303,20220427,300967,-0.047533,1.0
51304,20220427,688262,-0.048606,0.0
51305,20220427,688262,-0.048606,1.0
51306,20220427,688208,-0.048705,1.0
51307,20220427,688208,-0.048705,1.0
51308,20220427,688052,-0.049098,0.0
51309,20220427,300993,-0.051091,1.0
51310,20220427,300792,-0.051613,0.0
51311,20220427,688369,-0.052403,0.0
51312,20220427,688677,-0.053218,1.0
51313,20220427,688169,-0.053254,1.0
51314,20220427,300087,-0.055593,0.0
51315,20220427,688385,-0.057263,0.0
51316,20220427,688385,-0.057263,1.0
51317,20220427,688233,-0.058202,1.0
51318,20220427,688315,-0.058228,0.0
51319,20220427,300275,-0.061874,0.0
51320,20220427,300858,-0.068222,1.0
51321,20220427,300908,-0.076057,1.0
51322,20220427,301221,-0.082218,0.0
51323,20220427,300320,-0.083333,1.0
51324,20220427,300894,-0.087069,0.0
51325,20220427,301073,-0.087552,1.0
51326,20220427,301073,-0.087552,1.0
51327,20220427,301206,-0.141268,1.0
51328,20220428,300049,0.200253,1.0
51329,20220428,300792,0.199924,0.0
51330,20220428,300792,0.199924,0.0
51331,20220428,300792,0.199924,0.0
51332,20220428,300792,0.199924,0.0
51333,20220428,300785,0.199888,0.0
51334,20220428,688561,0.149779,0.0
51335,20220428,688561,0.149779,0.0
51336,20220428,688561,0.149779,1.0
51337,20220428,300559,0.133917,0.0
51338,20220428,300413,0.130407,0.0
51339,20220428,300413,0.130407,0.0
51340,20220428,688580,0.117647,0.0
51341,20220428,688580,0.117647,0.0
51342,20220428,688580,0.117647,0.0
51343,20220428,688580,0.117647,0.0
51344,20220428,688019,0.116667,0.0
51345,20220428,300955,0.10331,0.0
51346,20220428,688626,0.098069,0.0
51347,20220428,688626,0.098069,1.0
51348,20220428,688626,0.098069,1.0
51349,20220428,688533,0.094812,0.0
51350,20220428,688533,0.094812,1.0
51351,20220428,300973,0.092308,1.0
51352,20220428,688319,0.091672,0.0
51353,20220428,688301,0.08978,0.0
51354,20220428,300034,0.086466,0.0
51355,20220428,300034,0.086466,1.0
51356,20220428,300034,0.086466,1.0
51357,20220428,300034,0.086466,1.0
51358,20220428,300737,0.081653,1.0
51359,20220428,688187,0.081556,0.0
51360,20220428,688276,0.079813,0.0
51361,20220428,688276,0.079813,1.0
51362,20220428,688030,0.078443,0.0
51363,20220428,688550,0.077384,1.0
51364,20220428,300373,0.073743,1.0
51365,20220428,300687,0.073271,0.0
51366,20220428,300729,0.073171,1.0
51367,20220428,301069,0.070219,1.0
51368,20220428,688238,0.06875,1.0
51369,20220428,688238,0.06875,1.0
51370,20220428,688238,0.06875,0.0
51371,20220428,688238,0.06875,0.0
51372,20220428,300571,0.068696,0.0
51373,20220428,300571,0.068696,0.0
51374,20220428,300571,0.068696,0.0
51375,20220428,688052,0.067331,0.0
51376,20220428,688256,0.067298,0.0
51377,20220428,688598,0.067239,0.0
51378,20220428,688326,0.066667,0.0
51379,20220428,688133,0.066098,0.0
51380,20220428,688133,0.066098,0.0
51381,20220428,688087,0.065946,0.0
51382,20220428,688036,0.064017,1.0
51383,20220428,688383,0.063835,1.0
51384,20220428,300057,0.062595,1.0
51385,20220428,300748,0.0625,1.0
51386,20220428,300358,0.06156,1.0
51387,20220428,300627,0.061231,1.0
51388,20220428,300133,0.061125,0.0
51389,20220428,300133,0.061125,0.0
51390,20220428,300768,0.060714,1.0
51391,20220428,688007,0.059603,1.0
51392,20220428,688007,0.059603,0.0
51393,20220428,300394,0.059593,0.0
51394,20220428,300394,0.059593,0.0
51395,20220428,300474,0.0582,0.0
51396,20220428,300474,0.0582,0.0
51397,20220428,300494,0.056721,0.0
51398,20220428,300750,0.056387,1.0
51399,20220428,688088,0.055452,0.0
51400,20220428,300263,0.055195,0.0
51401,20220428,300633,0.055046,1.0
51402,20220428,300871,0.054688,1.0
51403,20220428,301062,0.054527,0.0
51404,20220428,688099,0.053398,0.0
51405,20220428,688099,0.053398,0.0
51406,20220428,300454,0.051545,1.0
51407,20220428,300170,0.051351,0.0
51408,20220428,300776,0.051153,0.0
51409,20220428,300776,0.051153,1.0
51410,20220428,688396,0.05095,1.0
51411,20220428,301235,0.050621,1.0
51412,20220428,300601,0.049959,1.0
51413,20220428,300601,0.049959,0.0
51414,20220428,688012,0.049895,1.0
51415,20220428,688012,0.049895,0.0
51416,20220428,688167,0.049778,0.0
51417,20220428,300014,0.048051,1.0
51418,20220428,300014,0.048051,0.0
51419,20220428,300014,0.048051,1.0
51420,20220428,688608,0.047767,0.0
51421,20220428,300788,0.046875,0.0
51422,20220428,300762,0.04645,1.0
51423,20220428,300790,0.046147,1.0
51424,20220428,688560,0.045957,0.0
51425,20220428,301129,0.045835,1.0
51426,20220428,688596,0.045638,0.0
51427,20220428,300009,0.045623,0.0
51428,20220428,300009,0.045623,1.0
51429,20220428,688599,0.045267,0.0
51430,20220428,688599,0.045267,1.0
51431,20220428,688599,0.045267,0.0
51432,20220428,688112,0.045043,0.0
51433,20220428,688112,0.045043,1.0
51434,20220428,300144,0.044167,1.0
51435,20220428,300595,0.043503,1.0
51436,20220428,300595,0.043503,0.0
51437,20220428,300487,0.04256,1.0
51438,20220428,300662,0.042525,0.0
51439,20220428,300662,0.042525,0.0
51440,20220428,300662,0.042525,0.0
51441,20220428,300662,0.042525,0.0
51442,20220428,300662,0.042525,0.0
51443,20220428,300662,0.042525,0.0
51444,20220428,300662,0.042525,0.0
51445,20220428,300662,0.042525,1.0
51446,20220428,688356,0.042208,1.0
51447,20220428,300853,0.041522,1.0
51448,20220428,688779,0.041012,1.0
51449,20220428,688779,0.041012,1.0
51450,20220428,688166,0.040712,0.0
51451,20220428,688166,0.040712,0.0
51452,20220428,688166,0.040712,1.0
51453,20220428,300316,0.040338,1.0
51454,20220428,300316,0.040338,1.0
51455,20220428,300316,0.040338,1.0
51456,20220428,300316,0.040338,1.0
51457,20220428,300967,0.039798,0.0
51458,20220428,300577,0.039314,1.0
51459,20220428,300577,0.039314,1.0
51460,20220428,300577,0.039314,1.0
51461,20220428,688028,0.039007,0.0
51462,20220428,688188,0.038961,0.0
51463,20220428,300347,0.037058,0.0
51464,20220428,688499,0.036745,0.0
51465,20220428,688499,0.036745,0.0
51466,20220428,300035,0.036683,1.0
51467,20220428,300035,0.036683,1.0
51468,20220428,300035,0.036683,1.0
51469,20220428,688766,0.036617,1.0
51470,20220428,688388,0.034914,1.0
51471,20220428,300357,0.034884,1.0
51472,20220428,300094,0.034694,1.0
51473,20220428,300363,0.034551,1.0
51474,20220428,300363,0.034551,0.0
51475,20220428,300724,0.034182,0.0
51476,20220428,300724,0.034182,0.0
51477,20220428,300499,0.033981,1.0
51478,20220428,300896,0.032728,1.0
51479,20220428,300896,0.032728,1.0
51480,20220428,300896,0.032728,1.0
51481,20220428,300896,0.032728,1.0
51482,20220428,688789,0.031855,1.0
51483,20220428,300124,0.031831,1.0
51484,20220428,300124,0.031831,1.0
51485,20220428,301101,0.031507,1.0
51486,20220428,300532,0.029703,1.0
51487,20220428,688601,0.029688,0.0
51488,20220428,300911,0.029151,1.0
51489,20220428,300911,0.029151,0.0
51490,20220428,300911,0.029151,1.0
51491,20220428,300911,0.029151,0.0
51492,20220428,300911,0.029151,1.0
51493,20220428,300911,0.029151,1.0
51494,20220428,688279,0.028036,0.0
51495,20220428,688082,0.027647,0.0
51496,20220428,688037,0.026674,0.0
51497,20220428,688037,0.026674,0.0
51498,20220428,300682,0.026341,0.0
51499,20220428,688690,0.026056,0.0
51500,20220428,300073,0.02557,1.0
51501,20220428,300679,0.025526,0.0
51502,20220428,300820,0.025078,0.0
51503,20220428,688568,0.024515,0.0
51504,20220428,688621,0.022828,0.0
51505,20220428,300260,0.022687,1.0
51506,20220428,300223,0.019951,1.0
51507,20220428,300223,0.019951,1.0
51508,20220428,688208,0.019245,0.0
51509,20220428,300015,0.017276,0.0
51510,20220428,300604,0.016299,1.0
51511,20220428,300604,0.016299,0.0
51512,20220428,688202,0.015957,0.0
51513,20220428,300286,0.015739,1.0
51514,20220428,300041,0.014493,1.0
51515,20220428,688369,0.013997,0.0
51516,20220428,688680,0.013189,0.0
51517,20220428,300782,0.012111,1.0
51518,20220428,300782,0.012111,1.0
51519,20220428,301071,0.011466,0.0
51520,20220428,688239,0.010964,1.0
51521,20220428,300747,0.010779,1.0
51522,20220428,300122,0.008323,0.0
51523,20220428,300122,0.008323,1.0
51524,20220428,300122,0.008323,1.0
51525,20220428,300122,0.008323,0.0
51526,20220428,300979,0.00248,1.0
51527,20220428,300979,0.00248,1.0
51528,20220428,300979,0.00248,0.0
51529,20220428,300979,0.00248,1.0
51530,20220428,300979,0.00248,1.0
51531,20220428,300979,0.00248,1.0
51532,20220428,300979,0.00248,1.0
51533,20220428,300824,0.001921,1.0
51534,20220428,300824,0.001921,1.0
51535,20220428,300824,0.001921,1.0
51536,20220428,300957,-0.002027,1.0
51537,20220428,300957,-0.002027,1.0
51538,20220428,300957,-0.002027,1.0
51539,20220428,300957,-0.002027,1.0
51540,20220428,300957,-0.002027,1.0
51541,20220428,300957,-0.002027,1.0
51542,20220428,300957,-0.002027,1.0
51543,20220428,300957,-0.002027,1.0
51544,20220428,300957,-0.002027,0.0
51545,20220428,300957,-0.002027,1.0
51546,20220428,300957,-0.002027,1.0
51547,20220428,300957,-0.002027,1.0
51548,20220428,688221,-0.023287,1.0
51549,20220428,688665,-0.04073,0.0
51550,20220428,688665,-0.04073,1.0
51551,20220428,300498,-0.074405,0.0
51552,20220428,300498,-0.074405,0.0
51553,20220428,688556,0.123338,1.0
51554,20220428,688556,0.123338,1.0
51555,20220428,688556,0.123338,1.0
51556,20220428,688556,0.123338,1.0
51557,20220428,688139,0.096993,1.0
51558,20220428,688800,0.069325,1.0
51559,20220428,301062,0.061463,1.0
51560,20220428,301062,0.061463,1.0
51561,20220428,688686,0.054253,1.0
51562,20220428,688008,0.050818,1.0
51563,20220428,688122,0.04878,1.0
51564,20220428,688122,0.04878,1.0
51565,20220428,300777,0.045328,1.0
51566,20220428,300009,0.043632,1.0
51567,20220428,300861,0.039275,1.0
51568,20220428,300122,0.037037,0.0
51569,20220428,688356,0.034704,0.0
51570,20220428,300454,0.034212,0.0
51571,20220428,300955,0.030909,0.0
51572,20220428,300824,0.030681,1.0
51573,20220428,688257,0.030569,0.0
51574,20220428,301029,0.030321,1.0
51575,20220428,301029,0.030321,1.0
51576,20220428,300258,0.029304,1.0
51577,20220428,688208,0.029213,0.0
51578,20220428,300737,0.028891,0.0
51579,20220428,300737,0.028891,0.0
51580,20220428,300813,0.025504,0.0
51581,20220428,300577,0.024072,1.0
51582,20220428,300196,0.023952,1.0
51583,20220428,688188,0.02,1.0
51584,20220428,300638,0.019395,1.0
51585,20220428,300740,0.018917,0.0
51586,20220428,300979,0.018626,0.0
51587,20220428,301061,0.018574,1.0
51588,20220428,688700,0.017553,1.0
51589,20220428,300373,0.017241,1.0
51590,20220428,301155,0.015059,1.0
51591,20220428,688126,0.011962,0.0
51592,20220428,300036,0.008977,1.0
51593,20220428,300036,0.008977,1.0
51594,20220428,300146,0.008969,1.0
51595,20220428,300146,0.008969,1.0
51596,20220428,300599,0.008323,1.0
51597,20220428,688308,0.006042,1.0
51598,20220428,300973,0.003521,0.0
51599,20220428,688658,0.001707,1.0
51600,20220428,300474,0.001689,1.0
51601,20220428,688561,-0.000203,1.0
51602,20220428,688499,-0.000253,1.0
51603,20220428,688559,-0.000518,1.0
51604,20220428,300168,-0.001221,1.0
51605,20220428,300073,-0.002538,1.0
51606,20220428,688558,-0.005944,1.0
51607,20220428,300725,-0.008589,1.0
51608,20220428,300725,-0.008589,1.0
51609,20220428,688116,-0.008782,1.0
51610,20220428,688116,-0.008782,1.0
51611,20220428,300203,-0.00885,1.0
51612,20220428,300203,-0.00885,1.0
51613,20220428,300133,-0.009217,0.0
51614,20220428,300226,-0.009541,1.0
51615,20220428,688305,-0.013629,1.0
51616,20220428,300229,-0.014259,0.0
51617,20220428,300782,-0.014554,1.0
51618,20220428,300782,-0.014554,1.0
51619,20220428,688798,-0.015716,0.0
51620,20220428,688159,-0.016677,0.0
51621,20220428,689009,-0.017751,1.0
51622,20220428,300487,-0.018921,1.0
51623,20220428,300223,-0.019293,1.0
51624,20220428,300785,-0.019981,0.0
51625,20220428,688135,-0.025993,1.0
51626,20220428,688696,-0.028417,0.0
51627,20220428,300957,-0.032555,0.0
51628,20220428,300957,-0.032555,1.0
51629,20220428,300896,-0.033836,1.0
51630,20220428,688048,-0.033938,1.0
51631,20220428,688048,-0.033938,1.0
51632,20220428,300674,-0.034392,0.0
51633,20220428,688639,-0.036101,1.0
51634,20220428,688621,-0.042004,0.0
51635,20220428,300390,-0.042334,1.0
51636,20220428,300759,-0.067093,0.0
51637,20220428,300759,-0.067093,0.0
51638,20220428,300999,-0.079792,1.0
51639,20220428,688202,-0.088451,0.0
51640,20220428,300861,0.039275,1.0
51641,20220428,688111,0.021251,1.0
51642,20220428,300760,0.014304,1.0
51643,20220428,300378,0.013919,1.0
51644,20220428,300416,0.01119,0.0
51645,20220428,300124,0.010919,1.0
51646,20220428,300655,0.00463,1.0
51647,20220428,688518,0.003989,1.0
51648,20220428,300014,0.000152,1.0
51649,20220428,688223,-0.009471,1.0
51650,20220428,688088,-0.030905,1.0
51651,20220428,300251,-0.034483,0.0
51652,20220428,300750,-0.081471,1.0
51653,20220428,688123,0.148143,1.0
51654,20220428,300218,0.12207,1.0
51655,20220428,300593,0.113457,1.0
51656,20220428,688139,0.096993,1.0
51657,20220428,300879,0.0901,1.0
51658,20220428,300447,0.083172,1.0
51659,20220428,300041,0.070536,1.0
51660,20220428,688032,0.063676,1.0
51661,20220428,688276,0.062738,0.0
51662,20220428,688026,0.058233,1.0
51663,20220428,688575,0.05753,1.0
51664,20220428,688006,0.055809,1.0
51665,20220428,688006,0.055809,1.0
51666,20220428,300911,0.051956,0.0
51667,20220428,688311,0.043097,1.0
51668,20220428,688777,0.042496,1.0
51669,20220428,300861,0.039275,1.0
51670,20220428,300792,0.03685,0.0
51671,20220428,688155,0.035334,1.0
51672,20220428,688027,0.031838,1.0
51673,20220428,688066,0.030243,1.0
51674,20220428,688208,0.029213,1.0
51675,20220428,300737,0.028891,0.0
51676,20220428,300395,0.028363,1.0
51677,20220428,300531,0.027915,1.0
51678,20220428,301047,0.02722,0.0
51679,20220428,301078,0.027146,0.0
51680,20220428,300263,0.026154,1.0
51681,20220428,688599,0.025197,1.0
51682,20220428,300616,0.023562,1.0
51683,20220428,300616,0.023562,1.0
51684,20220428,688111,0.021251,1.0
51685,20220428,688111,0.021251,1.0
51686,20220428,688111,0.021251,1.0
51687,20220428,300136,0.019768,1.0
51688,20220428,300699,0.019273,1.0
51689,20220428,300979,0.018626,1.0
51690,20220428,300418,0.016748,0.0
51691,20220428,300627,0.016662,1.0
51692,20220428,300316,0.015826,1.0
51693,20220428,300316,0.015826,1.0
51694,20220428,300856,0.01544,1.0
51695,20220428,300567,0.015237,1.0
51696,20220428,300915,0.01298,1.0
51697,20220428,688001,0.012796,1.0
51698,20220428,300416,0.01119,0.0
51699,20220428,300416,0.01119,0.0
51700,20220428,300568,0.009887,1.0
51701,20220428,301030,0.009649,1.0
51702,20220428,300599,0.008323,1.0
51703,20220428,688037,0.008284,1.0
51704,20220428,688076,0.006314,1.0
51705,20220428,300751,0.005713,0.0
51706,20220428,300132,0.005025,1.0
51707,20220428,300132,0.005025,1.0
51708,20220428,300655,0.00463,1.0
51709,20220428,300182,0.004149,0.0
51710,20220428,688518,0.003989,1.0
51711,20220428,688337,0.002235,1.0
51712,20220428,688658,0.001707,1.0
51713,20220428,688295,0.00094,1.0
51714,20220428,688295,0.00094,1.0
51715,20220428,688186,0.0,1.0
51716,20220428,688185,-0.000855,1.0
51717,20220428,688036,-0.001182,0.0
51718,20220428,300481,-0.001435,1.0
51719,20220428,300007,-0.005348,1.0
51720,20220428,688012,-0.007143,1.0
51721,20220428,300725,-0.008589,1.0
51722,20220428,300687,-0.008654,0.0
51723,20220428,688116,-0.008782,1.0
51724,20220428,300133,-0.009217,0.0
51725,20220428,688223,-0.009471,1.0
51726,20220428,300662,-0.011047,0.0
51727,20220428,689009,-0.017751,1.0
51728,20220428,300487,-0.018921,1.0
51729,20220428,688269,-0.019162,1.0
51730,20220428,300628,-0.023975,1.0
51731,20220428,688696,-0.028417,0.0
51732,20220428,300363,-0.030003,1.0
51733,20220428,300957,-0.032555,1.0
51734,20220428,688005,-0.033433,1.0
51735,20220428,300674,-0.034392,0.0
51736,20220428,300251,-0.034483,0.0
51737,20220428,300251,-0.034483,0.0
51738,20220428,300142,-0.034986,1.0
51739,20220428,688082,-0.037664,1.0
51740,20220428,300390,-0.042334,1.0
51741,20220428,300750,-0.081471,1.0
51742,20220428,300750,-0.081471,1.0
51743,20220505,300357,0.085294,1.0
51744,20220505,688261,0.070282,1.0
51745,20220505,300636,0.057348,1.0
51746,20220505,300636,0.057348,1.0
51747,20220505,300979,0.057143,1.0
51748,20220505,300979,0.057143,1.0
51749,20220505,688356,0.052267,1.0
51750,20220505,688017,0.04156,1.0
51751,20220505,688301,0.036687,1.0
51752,20220505,688819,0.035953,1.0
51753,20220505,300770,0.032801,0.0
51754,20220505,300770,0.032801,0.0
51755,20220505,688682,0.032706,1.0
51756,20220505,688682,0.032706,1.0
51757,20220505,300855,0.032051,1.0
51758,20220505,688225,0.030056,1.0
51759,20220505,688111,0.027451,1.0
51760,20220505,688111,0.027451,1.0
51761,20220505,300853,0.025823,1.0
51762,20220505,300638,0.024508,1.0
51763,20220505,688162,0.01714,1.0
51764,20220505,688066,0.016129,1.0
51765,20220505,688066,0.016129,1.0
51766,20220505,300633,0.015705,1.0
51767,20220505,300633,0.015705,1.0
51768,20220505,688028,0.015672,1.0
51769,20220505,300687,0.015519,0.0
51770,20220505,300166,0.014354,0.0
51771,20220505,301061,0.013922,1.0
51772,20220505,300143,0.013237,0.0
51773,20220505,688209,0.012,1.0
51774,20220505,688110,0.011437,1.0
51775,20220505,688626,0.011195,1.0
51776,20220505,688007,0.01,1.0
51777,20220505,688139,0.00998,1.0
51778,20220505,688556,0.009932,1.0
51779,20220505,300816,0.009747,0.0
51780,20220505,300026,0.008446,1.0
51781,20220505,300196,0.007602,1.0
51782,20220505,300655,0.007122,1.0
51783,20220505,300647,0.00609,1.0
51784,20220505,300037,0.006079,1.0
51785,20220505,688265,0.005098,1.0
51786,20220505,688560,0.00316,1.0
51787,20220505,688076,0.003137,1.0
51788,20220505,688076,0.003137,1.0
51789,20220505,688296,0.003016,1.0
51790,20220505,300568,0.002797,1.0
51791,20220505,300182,0.002066,0.0
51792,20220505,688323,0.000996,1.0
51793,20220505,300873,0.000836,0.0
51794,20220505,301009,0.000795,1.0
51795,20220505,300207,0.000442,1.0
51796,20220505,300438,0.0,1.0
51797,20220505,300750,-2.7e-05,1.0
51798,20220505,300750,-2.7e-05,1.0
51799,20220505,300750,-2.7e-05,1.0
51800,20220505,300802,-0.000443,1.0
51801,20220505,300057,-0.00142,1.0
51802,20220505,300747,-0.002056,1.0
51803,20220505,688267,-0.002152,1.0
51804,20220505,300065,-0.002822,1.0
51805,20220505,688052,-0.002964,1.0
51806,20220505,300768,-0.003359,0.0
51807,20220505,300725,-0.003938,1.0
51808,20220505,300725,-0.003938,1.0
51809,20220505,300496,-0.004877,0.0
51810,20220505,300496,-0.004877,1.0
51811,20220505,300496,-0.004877,0.0
51812,20220505,688180,-0.006951,1.0
51813,20220505,688180,-0.006951,1.0
51814,20220505,688180,-0.006951,1.0
51815,20220505,688180,-0.006951,1.0
51816,20220505,688180,-0.006951,1.0
51817,20220505,688389,-0.007047,1.0
51818,20220505,300842,-0.007123,1.0
51819,20220505,688148,-0.007407,1.0
51820,20220505,688080,-0.007544,1.0
51821,20220505,688030,-0.009184,1.0
51822,20220505,300785,-0.009246,0.0
51823,20220505,688518,-0.009713,1.0
51824,20220505,300129,-0.010221,1.0
51825,20220505,300724,-0.011366,1.0
51826,20220505,300724,-0.011366,1.0
51827,20220505,688105,-0.01168,1.0
51828,20220505,688208,-0.011769,1.0
51829,20220505,688567,-0.011828,1.0
51830,20220505,688567,-0.011828,1.0
51831,20220505,300393,-0.012016,1.0
51832,20220505,300185,-0.012097,1.0
51833,20220505,300394,-0.012126,1.0
51834,20220505,688331,-0.01237,1.0
51835,20220505,689009,-0.01287,1.0
51836,20220505,688121,-0.01331,1.0
51837,20220505,300363,-0.013996,1.0
51838,20220505,300363,-0.013996,1.0
51839,20220505,300363,-0.013996,1.0
51840,20220505,688072,-0.014434,1.0
51841,20220505,688026,-0.01518,1.0
51842,20220505,688385,-0.015544,1.0
51843,20220505,688533,-0.015691,1.0
51844,20220505,688533,-0.015691,1.0
51845,20220505,300627,-0.015781,1.0
51846,20220505,300759,-0.015839,0.0
51847,20220505,300999,-0.016301,1.0
51848,20220505,300740,-0.016878,1.0
51849,20220505,300740,-0.016878,1.0
51850,20220505,300740,-0.016878,1.0
51851,20220505,688601,-0.017152,1.0
51852,20220505,688022,-0.017326,1.0
51853,20220505,688016,-0.018167,1.0
51854,20220505,688095,-0.018638,1.0
51855,20220505,300994,-0.019669,1.0
51856,20220505,688201,-0.019677,1.0
51857,20220505,688201,-0.019677,1.0
51858,20220505,300593,-0.020213,1.0
51859,20220505,300601,-0.020527,1.0
51860,20220505,300601,-0.020527,1.0
51861,20220505,300601,-0.020527,1.0
51862,20220505,301078,-0.020714,0.0
51863,20220505,301078,-0.020714,1.0
51864,20220505,301122,-0.021149,1.0
51865,20220505,300122,-0.023673,1.0
51866,20220505,300122,-0.023673,1.0
51867,20220505,300122,-0.023673,1.0
51868,20220505,300122,-0.023673,1.0
51869,20220505,300122,-0.023673,1.0
51870,20220505,688269,-0.024217,1.0
51871,20220505,688006,-0.02438,1.0
51872,20220505,688006,-0.02438,1.0
51873,20220505,300866,-0.024399,1.0
51874,20220505,300014,-0.025349,1.0
51875,20220505,300014,-0.025349,1.0
51876,20220505,300014,-0.025349,1.0
51877,20220505,688155,-0.025959,1.0
51878,20220505,688008,-0.02623,1.0
51879,20220505,688008,-0.02623,1.0
51880,20220505,300803,-0.026549,0.0
51881,20220505,300803,-0.026549,0.0
51882,20220505,688599,-0.026882,1.0
51883,20220505,688599,-0.026882,1.0
51884,20220505,688599,-0.026882,1.0
51885,20220505,688268,-0.027985,1.0
51886,20220505,300450,-0.028648,1.0
51887,20220505,300450,-0.028648,1.0
51888,20220505,688223,-0.029482,1.0
51889,20220505,300133,-0.030233,0.0
51890,20220505,688002,-0.032276,0.0
51891,20220505,300677,-0.03309,0.0
51892,20220505,688018,-0.033562,0.0
51893,20220505,300760,-0.034609,0.0
51894,20220505,688099,-0.035849,0.0
51895,20220505,688793,-0.036293,1.0
51896,20220505,688557,-0.03812,1.0
51897,20220505,300661,-0.038446,0.0
51898,20220505,688696,-0.047187,1.0
51899,20220505,688300,-0.049538,0.0
51900,20220505,300171,-0.053826,0.0
51901,20220505,300171,-0.053826,0.0
51902,20220506,688032,0.099912,1.0
51903,20220506,688223,0.057471,1.0
51904,20220506,688680,0.055268,0.0
51905,20220506,300034,0.053538,1.0
51906,20220506,300284,0.052632,0.0
51907,20220506,300590,0.035599,1.0
51908,20220506,300438,0.034451,1.0
51909,20220506,688268,0.033781,1.0
51910,20220506,300627,0.032377,1.0
51911,20220506,300395,0.032345,1.0
51912,20220506,688800,0.028986,1.0
51913,20220506,688085,0.028438,1.0
51914,20220506,688033,0.028205,0.0
51915,20220506,688190,0.02623,1.0
51916,20220506,688789,0.023139,1.0
51917,20220506,300122,0.022471,1.0
51918,20220506,300122,0.022471,1.0
51919,20220506,300763,0.022017,0.0
51920,20220506,300058,0.021818,0.0
51921,20220506,688319,0.021751,1.0
51922,20220506,300143,0.021378,0.0
51923,20220506,300616,0.020916,1.0
51924,20220506,300616,0.020916,1.0
51925,20220506,300725,0.01621,1.0
51926,20220506,300725,0.01621,1.0
51927,20220506,300982,0.016087,1.0
51928,20220506,300093,0.013445,1.0
51929,20220506,300363,0.01093,1.0
51930,20220506,300655,0.010815,1.0
51931,20220506,301237,0.010204,1.0
51932,20220506,300999,0.009206,1.0
51933,20220506,300319,0.008345,0.0
51934,20220506,301102,0.007961,0.0
51935,20220506,300768,0.007222,0.0
51936,20220506,300979,0.003649,1.0
51937,20220506,688066,0.002063,1.0
51938,20220506,300740,0.001717,1.0
51939,20220506,688301,0.001714,1.0
51940,20220506,688188,0.001078,1.0
51941,20220506,300226,-0.00107,0.0
51942,20220506,300132,-0.001686,1.0
51943,20220506,688006,-0.00199,1.0
51944,20220506,688059,-0.00316,1.0
51945,20220506,300777,-0.003299,1.0
51946,20220506,688682,-0.005626,1.0
51947,20220506,300258,-0.006068,1.0
51948,20220506,688225,-0.008408,1.0
51949,20220506,300680,-0.009677,0.0
51950,20220506,688316,-0.009785,1.0
51951,20220506,300709,-0.011691,1.0
51952,20220506,300168,-0.012151,0.0
51953,20220506,688107,-0.012702,1.0
51954,20220506,300240,-0.014953,0.0
51955,20220506,301071,-0.015479,0.0
51956,20220506,300785,-0.016272,0.0
51957,20220506,688235,-0.016799,1.0
51958,20220506,688179,-0.017416,1.0
51959,20220506,688617,-0.017765,1.0
51960,20220506,300750,-0.019921,1.0
51961,20220506,300957,-0.02037,1.0
51962,20220506,688559,-0.021016,1.0
51963,20220506,688777,-0.022789,1.0
51964,20220506,300782,-0.027205,0.0
51965,20220506,300454,-0.028468,0.0
51966,20220506,300035,-0.02856,1.0
51967,20220506,688082,-0.029166,1.0
51968,20220506,688082,-0.029166,1.0
51969,20220506,689009,-0.034674,1.0
51970,20220506,688169,-0.043879,1.0
51971,20220506,300661,-0.045407,0.0
51972,20220506,300896,-0.051133,0.0
51973,20220506,688536,-0.073085,0.0
51974,20220506,688180,0.07,1.0
51975,20220506,688390,0.062458,1.0
51976,20220506,301103,0.061289,0.0
51977,20220506,688122,0.056243,1.0
51978,20220506,688238,0.044793,1.0
51979,20220506,300733,0.039037,1.0
51980,20220506,688368,0.033215,1.0
51981,20220506,688398,0.028682,1.0
51982,20220506,688190,0.02623,1.0
51983,20220506,300604,0.019799,1.0
51984,20220506,301217,0.018809,1.0
51985,20220506,688288,0.017104,1.0
51986,20220506,301018,0.013749,1.0
51987,20220506,300724,0.01268,1.0
51988,20220506,300620,0.011401,1.0
51989,20220506,300251,0.007364,0.0
51990,20220506,688786,0.005665,1.0
51991,20220506,300623,0.0054,1.0
51992,20220506,300054,0.004773,1.0
51993,20220506,300567,0.003642,1.0
51994,20220506,300758,0.003135,1.0
51995,20220506,688066,0.002063,1.0
51996,20220506,300082,0.0,1.0
51997,20220506,300674,0.0,0.0
51998,20220506,300132,-0.001686,1.0
51999,20220506,300196,-0.004063,1.0
52000,20220506,300687,-0.010506,0.0
52001,20220506,688037,-0.013694,1.0
52002,20220506,300750,-0.019921,1.0
52003,20220506,300750,-0.019921,1.0
52004,20220506,300638,-0.020145,1.0
52005,20220506,688036,-0.020856,0.0
52006,20220506,688559,-0.021016,1.0
52007,20220506,688016,-0.021557,1.0
52008,20220506,300811,-0.022012,1.0
52009,20220506,688082,-0.029166,1.0
52010,20220506,300496,-0.049838,0.0
52011,20220506,300759,-0.05211,0.0
52012,20220506,688063,0.042583,1.0
52013,20220506,688800,0.028986,1.0
52014,20220506,300274,0.023252,1.0
52015,20220506,688126,0.016083,1.0
52016,20220506,688220,0.010055,1.0
52017,20220506,300999,0.009206,1.0
52018,20220506,688066,0.002063,1.0
52019,20220506,688661,-0.006471,1.0
52020,20220506,688153,-0.00859,0.0
52021,20220506,300558,-0.009829,1.0
52022,20220506,688089,-0.011457,1.0
52023,20220506,688012,-0.024634,1.0
52024,20220509,300843,0.106936,1.0
52025,20220509,300394,0.099622,1.0
52026,20220509,688153,0.099311,0.0
52027,20220509,300014,0.097762,1.0
52028,20220509,688033,0.088529,0.0
52029,20220509,688789,0.086545,1.0
52030,20220509,300799,0.066082,0.0
52031,20220509,300786,0.062047,1.0
52032,20220509,688319,0.061681,1.0
52033,20220509,688052,0.059797,1.0
52034,20220509,688295,0.051131,1.0
52035,20220509,300393,0.04702,1.0
52036,20220509,300035,0.046881,1.0
52037,20220509,300083,0.045842,1.0
52038,20220509,688636,0.044458,1.0
52039,20220509,688188,0.043269,1.0
52040,20220509,300416,0.043221,0.0
52041,20220509,688676,0.040661,0.0
52042,20220509,688559,0.037209,1.0
52043,20220509,688261,0.03678,1.0
52044,20220509,301031,0.036651,1.0
52045,20220509,688516,0.036281,1.0
52046,20220509,688516,0.036281,1.0
52047,20220509,688516,0.036281,1.0
52048,20220509,688008,0.033804,1.0
52049,20220509,300568,0.033554,1.0
52050,20220509,300373,0.032486,1.0
52051,20220509,300373,0.032486,1.0
52052,20220509,688089,0.030424,1.0
52053,20220509,300750,0.028955,1.0
52054,20220509,300750,0.028955,1.0
52055,20220509,688598,0.02887,1.0
52056,20220509,300979,0.02841,1.0
52057,20220509,300979,0.02841,1.0
52058,20220509,300684,0.027706,1.0
52059,20220509,300088,0.027073,0.0
52060,20220509,300432,0.026354,1.0
52061,20220509,688162,0.026012,1.0
52062,20220509,300595,0.024176,1.0
52063,20220509,300873,0.022177,0.0
52064,20220509,688357,0.021187,1.0
52065,20220509,300133,0.014252,0.0
52066,20220509,300994,0.013652,1.0
52067,20220509,300143,0.011628,0.0
52068,20220509,300218,0.011486,1.0
52069,20220509,300124,0.010696,0.0
52070,20220509,300957,0.00929,1.0
52071,20220509,300379,0.008993,0.0
52072,20220509,300073,0.008555,1.0
52073,20220509,300601,0.007535,1.0
52074,20220509,300196,0.005245,1.0
52075,20220509,301061,0.00521,1.0
52076,20220509,301061,0.00521,1.0
52077,20220509,300616,0.00116,1.0
52078,20220509,300577,-0.002614,1.0
52079,20220509,300122,-0.003782,1.0
52080,20220509,300627,-0.005078,1.0
52081,20220509,300627,-0.005078,1.0
52082,20220509,688076,-0.005663,1.0
52083,20220509,300413,-0.008192,0.0
52084,20220509,300760,-0.009509,0.0
52085,20220509,688670,-0.012863,1.0
52086,20220509,300879,-0.01803,1.0
52087,20220510,688658,0.153153,1.0
52088,20220510,300750,0.08065,0.0
52089,20220510,300750,0.08065,0.0
52090,20220510,688388,0.079375,1.0
52091,20220510,300863,0.078471,1.0
52092,20220510,688608,0.055207,1.0
52093,20220510,688200,0.054591,1.0
52094,20220510,688508,0.051654,0.0
52095,20220510,688048,0.046188,1.0
52096,20220510,301155,0.037581,1.0
52097,20220510,300037,0.035795,1.0
52098,20220510,300763,0.034842,1.0
52099,20220510,688516,0.034705,1.0
52100,20220510,688262,0.033759,1.0
52101,20220510,688111,0.031218,0.0
52102,20220510,300454,0.029884,0.0
52103,20220510,688037,0.026927,1.0
52104,20220510,300638,0.023698,0.0
52105,20220510,688012,0.022629,1.0
52106,20220510,300408,0.015799,0.0
52107,20220510,300054,0.01464,1.0
52108,20220510,688105,0.012467,1.0
52109,20220510,300673,0.006031,1.0
52110,20220510,688580,0.005079,1.0
52111,20220510,688066,0.004785,1.0
52112,20220510,688682,0.001039,0.0
52113,20220510,688639,-0.001626,1.0
52114,20220510,300531,-0.003704,0.0
52115,20220510,688618,-0.003852,0.0
52116,20220510,300654,-0.011465,0.0
52117,20220510,688153,-0.022838,0.0
52118,20220511,300577,0.069953,1.0
52119,20220511,300513,0.030909,0.0
52120,20220511,300413,0.02522,0.0
52121,20220511,688007,0.017351,1.0
52122,20220511,300058,0.015625,0.0
52123,20220511,688295,0.012666,1.0
52124,20220511,688281,0.012519,1.0
52125,20220511,688268,0.010239,1.0
52126,20220511,688326,0.009489,1.0
52127,20220511,300791,0.006639,1.0
52128,20220511,300791,0.006639,1.0
52129,20220511,300151,0.00361,1.0
52130,20220511,688536,0.003451,1.0
52131,20220511,300763,0.00235,1.0
52132,20220511,688088,-0.000434,1.0
52133,20220511,688686,-0.000457,1.0
52134,20220511,688390,-0.001031,1.0
52135,20220511,300308,-0.001269,1.0
52136,20220511,300122,-0.004118,1.0
52137,20220511,300316,-0.007634,1.0
52138,20220511,688568,-0.013093,1.0
52139,20220511,688658,-0.022518,1.0
52140,20220511,300486,-0.024444,1.0
52141,20220511,689009,-0.030071,1.0
52142,20220511,300957,-0.044638,1.0
52143,20220512,688261,0.115261,1.0
52144,20220512,300750,0.027979,1.0
52145,20220512,688123,0.027056,0.0
52146,20220512,688180,0.02506,1.0
52147,20220512,688085,0.014279,1.0
52148,20220512,300015,0.00653,0.0
52149,20220512,688008,0.002301,0.0
52150,20220512,300129,0.001567,0.0
52151,20220512,300653,0.001297,0.0
52152,20220512,300919,0.000567,0.0
52153,20220512,688110,-0.000297,1.0
52154,20220512,300578,-0.000642,0.0
52155,20220512,300034,-0.001425,1.0
52156,20220512,300496,-0.001663,1.0
52157,20220512,688396,-0.001985,1.0
52158,20220512,300911,-0.002415,1.0
52159,20220512,300674,-0.006065,1.0
52160,20220512,301101,-0.008104,0.0
52161,20220512,688032,-0.010767,0.0
52162,20220512,688316,-0.011727,1.0
52163,20220512,300595,-0.012192,1.0
52164,20220512,688598,-0.01629,1.0
52165,20220512,688598,-0.01629,0.0
52166,20220512,300693,-0.020453,1.0
52167,20220512,300577,-0.020548,1.0
52168,20220512,301050,-0.025988,1.0
52169,20220512,688290,-0.032853,0.0
52170,20220512,300875,-0.056641,1.0
52171,20220513,300268,0.049626,1.0
52172,20220513,301035,0.042758,1.0
52173,20220513,300861,0.024485,1.0
52174,20220513,301087,0.017391,0.0
52175,20220513,300035,0.003287,1.0
52176,20220513,688981,0.0,0.0
52177,20220513,300593,-0.001035,1.0
52178,20220513,688396,-0.007558,0.0
52179,20220513,688690,-0.012565,1.0
52180,20220513,688518,-0.014677,0.0
52181,20220513,301206,-0.014833,1.0
52182,20220513,300316,-0.015105,1.0
52183,20220513,301018,-0.01654,1.0
52184,20220513,300577,-0.018436,1.0
52185,20220513,300496,-0.020778,0.0
52186,20220513,300763,-0.022201,0.0
52187,20220513,300760,-0.02419,1.0
52188,20220513,688696,-0.024374,0.0
52189,20220513,688800,-0.027778,1.0
52190,20220513,688295,-0.038168,1.0
52191,20220513,688107,-0.043046,0.0
52192,20220513,300451,-0.043825,0.0
52193,20220513,300451,-0.043825,0.0
52194,20220516,688711,0.116229,1.0
52195,20220516,688156,0.073014,1.0
52196,20220516,688556,0.061956,1.0
52197,20220516,688127,0.050847,1.0
52198,20220516,688536,0.04803,1.0
52199,20220516,688046,0.04329,1.0
52200,20220516,688268,0.041944,1.0
52201,20220516,300750,0.038205,1.0
52202,20220516,688072,0.034749,1.0
52203,20220516,300413,0.031543,1.0
52204,20220516,301101,0.024444,1.0
52205,20220516,300274,0.023836,1.0
52206,20220516,300274,0.023836,1.0
52207,20220516,688326,0.021596,1.0
52208,20220516,300502,0.013386,1.0
52209,20220516,300451,0.006944,0.0
52210,20220516,688981,0.004481,0.0
52211,20220516,688981,0.004481,0.0
52212,20220516,688981,0.004481,1.0
52213,20220516,300179,0.004049,1.0
52214,20220516,688257,0.001649,1.0
52215,20220516,688066,0.0,1.0
52216,20220516,300019,-0.00124,1.0
52217,20220516,300628,-0.005399,1.0
52218,20220516,300182,-0.005964,0.0
52219,20220516,688225,-0.019503,0.0
52220,20220516,300977,-0.020495,0.0
52221,20220516,300268,-0.062176,0.0
52222,20220517,300850,0.051099,0.0
52223,20220517,688259,0.045776,0.0
52224,20220517,300088,0.035008,1.0
52225,20220517,300203,0.030691,1.0
52226,20220517,688696,0.025703,0.0
52227,20220517,688201,0.022868,1.0
52228,20220517,688078,0.019355,0.0
52229,20220517,688111,0.019008,0.0
52230,20220517,300751,0.017627,0.0
52231,20220517,300733,0.013,1.0
52232,20220517,300803,0.008874,0.0
52233,20220517,300803,0.008874,0.0
52234,20220517,300572,0.006686,1.0
52235,20220517,688234,0.00512,1.0
52236,20220517,688006,0.002,1.0
52237,20220517,688022,0.000628,1.0
52238,20220517,688022,0.000628,1.0
52239,20220517,300459,0.0,0.0
52240,20220517,688126,-0.001761,0.0
52241,20220517,300761,-0.003236,1.0
52242,20220517,301080,-0.003928,0.0
52243,20220517,300747,-0.006303,1.0
52244,20220517,688690,-0.006482,1.0
52245,20220517,688082,-0.018602,0.0
52246,20220517,300390,-0.021178,1.0
52247,20220517,300413,-0.021212,0.0
52248,20220517,688238,-0.022801,1.0
52249,20220517,300896,-0.025319,1.0
52250,20220517,688046,-0.029461,0.0
52251,20220517,300363,-0.042975,0.0
52252,20220517,300957,-0.045657,1.0
52253,20220518,688180,0.076894,1.0
52254,20220518,688180,0.076894,1.0
52255,20220518,301219,0.033011,1.0
52256,20220518,688383,0.015344,1.0
52257,20220518,300525,0.005076,1.0
52258,20220518,300896,0.004087,1.0
52259,20220518,688389,-0.012995,1.0
52260,20220518,688052,-0.015616,1.0
52261,20220518,300911,-0.021423,1.0
52262,20220518,688690,-0.026663,1.0
52263,20220518,300596,-0.037772,1.0
52264,20220518,300179,-0.038613,1.0
52265,20220519,300005,0.2,0.0
52266,20220519,301101,0.11811,1.0
52267,20220519,300896,0.05747,1.0
52268,20220519,300558,0.03832,1.0
52269,20220519,688518,0.027581,1.0
52270,20220519,300015,0.024803,0.0
52271,20220519,300428,0.018345,0.0
52272,20220519,300428,0.018345,0.0
52273,20220519,300346,0.016644,1.0
52274,20220519,300609,0.01026,0.0
52275,20220519,300833,0.008095,0.0
52276,20220519,688106,0.00795,1.0
52277,20220519,688199,-0.00055,1.0
52278,20220519,300888,-0.00277,1.0
52279,20220519,300888,-0.00277,1.0
52280,20220519,300888,-0.00277,1.0
52281,20220519,688288,-0.004722,1.0
52282,20220519,300919,-0.007863,0.0
52283,20220519,300593,-0.012457,1.0
52284,20220520,688190,0.038346,1.0
52285,20220520,300687,0.030692,1.0
52286,20220520,300957,0.008752,0.0
52287,20220520,300499,0.007,0.0
52288,20220520,688052,0.006294,1.0
52289,20220520,688599,0.006013,0.0
52290,20220520,300888,0.003431,0.0
52291,20220520,300888,0.003431,0.0
52292,20220520,300888,0.003431,0.0
52293,20220520,300502,0.000391,1.0
52294,20220520,301221,-0.000406,0.0
52295,20220520,300776,-0.004785,0.0
52296,20220520,300413,-0.011142,0.0
52297,20220520,300661,-0.012744,1.0
52298,20220520,688002,-0.014347,1.0
52299,20220520,300223,0.129473,1.0
52300,20220520,300623,0.016593,1.0
52301,20220520,688337,0.000645,1.0
52302,20220520,688518,-0.011244,1.0
52303,20220523,301155,0.049373,0.0
52304,20220523,688696,-0.008577,1.0
52305,20220523,688188,-0.010543,0.0
52306,20220523,688066,-0.012576,1.0
52307,20220523,688066,-0.012576,1.0
52308,20220523,300896,-0.023069,1.0
52309,20220523,300751,-0.023506,1.0
52310,20220523,300496,-0.027096,0.0
52311,20220523,688200,-0.031088,1.0
52312,20220523,300630,-0.04464,1.0
52313,20220523,688556,-0.046025,1.0
52314,20220523,300223,-0.047207,0.0
52315,20220523,300223,-0.047207,0.0
52316,20220523,300223,-0.047207,0.0
52317,20220523,300223,-0.047207,0.0
52318,20220523,300308,-0.050191,1.0
52319,20220523,300014,-0.051195,1.0
52320,20220523,300451,-0.051491,0.0
52321,20220523,688363,-0.052904,1.0
52322,20220523,301193,-0.054332,1.0
52323,20220523,300246,-0.056032,1.0
52324,20220523,300298,-0.05651,1.0
52325,20220523,300667,-0.057905,1.0
52326,20220523,300502,-0.059742,1.0
52327,20220523,688133,-0.061528,1.0
52328,20220523,300674,-0.062418,0.0
52329,20220523,300460,-0.063356,1.0
52330,20220523,300351,-0.067797,1.0
52331,20220523,300260,-0.071016,1.0
52332,20220523,688155,-0.077912,1.0
52333,20220523,301235,-0.087355,0.0
52334,20220523,688518,-0.090242,1.0
52335,20220523,688518,-0.090242,1.0
52336,20220524,300990,0.075505,1.0
52337,20220524,688127,0.046301,1.0
52338,20220524,688533,0.041129,1.0
52339,20220524,688180,0.040888,1.0
52340,20220524,688180,0.040888,0.0
52341,20220524,688180,0.040888,0.0
52342,20220524,300873,0.033262,0.0
52343,20220524,688621,0.030969,1.0
52344,20220524,300792,0.029927,0.0
52345,20220524,300559,0.028793,0.0
52346,20220524,300036,0.028402,0.0
52347,20220524,300601,0.021311,1.0
52348,20220524,688559,0.015097,1.0
52349,20220524,688696,0.013995,1.0
52350,20220524,688696,0.013995,1.0
52351,20220524,300725,0.010436,0.0
52352,20220524,300740,0.008467,1.0
52353,20220524,688048,0.008114,1.0
52354,20220524,300093,0.005422,0.0
52355,20220524,300820,0.00425,1.0
52356,20220524,300760,0.003787,0.0
52357,20220524,688686,0.0019,1.0
52358,20220524,688107,0.000587,1.0
52359,20220524,300866,0.0,1.0
52360,20220524,300896,-0.004107,0.0
52361,20220524,300896,-0.004107,0.0
52362,20220524,688123,-0.006532,1.0
52363,20220524,688036,-0.006536,1.0
52364,20220524,300223,-0.006891,1.0
52365,20220524,300223,-0.006891,1.0
52366,20220524,688526,-0.007959,1.0
52367,20220524,300014,-0.010686,1.0
52368,20220524,301155,-0.012405,1.0
52369,20220524,688155,-0.014062,1.0
52370,20220524,688536,-0.016035,1.0
52371,20220524,688665,-0.016484,1.0
52372,20220524,688082,-0.019231,1.0
52373,20220525,300767,0.060161,1.0
52374,20220525,300034,0.057649,1.0
52375,20220525,300820,0.017663,1.0
52376,20220525,688099,0.017649,1.0
52377,20220525,300607,0.015429,1.0
52378,20220525,300413,0.015381,0.0
52379,20220525,688308,0.009215,1.0
52380,20220525,300133,0.00905,0.0
52381,20220525,688265,0.005901,1.0
52382,20220525,300316,0.001835,1.0
52383,20220525,300316,0.001835,1.0
52384,20220525,300258,-0.00398,1.0
52385,20220525,688139,-0.005681,1.0
52386,20220525,688220,-0.007595,1.0
52387,20220525,688056,-0.014168,1.0
52388,20220525,688356,-0.028409,0.0
52389,20220525,688326,-0.030232,1.0
52390,20220525,688112,-0.030802,0.0
52391,20220525,300990,-0.034617,1.0
52392,20220525,300122,-0.036252,0.0
52393,20220526,688798,0.025278,0.0
52394,20220526,688155,0.00988,1.0
52395,20220526,300450,0.003504,1.0
52396,20220526,300747,0.000325,1.0
52397,20220526,300748,-0.001681,1.0
52398,20220526,300770,-0.008552,0.0
52399,20220526,300620,-0.01005,1.0
52400,20220526,688768,-0.010916,0.0
52401,20220526,300724,-0.011362,1.0
52402,20220526,300015,-0.018956,0.0
52403,20220526,688345,-0.022109,1.0
52404,20220526,688180,-0.028015,1.0
52405,20220526,300655,-0.031698,1.0
52406,20220526,301268,-0.067081,0.0
52407,20220526,688287,-0.068395,1.0
52408,20220527,688290,0.072839,1.0
52409,20220527,300415,0.069187,1.0
52410,20220527,688283,0.066592,1.0
52411,20220527,300015,0.043103,0.0
52412,20220527,300015,0.043103,0.0
52413,20220527,688213,0.03119,0.0
52414,20220527,300620,0.015619,1.0
52415,20220527,688036,0.008674,1.0
52416,20220527,688556,0.00601,1.0
52417,20220527,688191,0.00395,1.0
52418,20220527,688082,0.002671,1.0
52419,20220527,300604,0.000505,1.0
52420,20220527,300604,0.000505,1.0
52421,20220527,688621,0.0,1.0
52422,20220527,300567,-0.002343,1.0
52423,20220527,300401,-0.004298,1.0
52424,20220527,688636,-0.011495,1.0
52425,20220527,688180,-0.040167,1.0
52426,20220527,688048,0.12051,1.0
52427,20220527,688326,0.065875,0.0
52428,20220527,300286,0.056813,0.0
52429,20220527,688106,0.025028,1.0
52430,20220527,688296,0.01666,1.0
52431,20220527,300729,0.004305,1.0
52432,20220527,688680,-0.00114,1.0
52433,20220530,688283,0.057188,1.0
52434,20220530,688295,0.052118,1.0
52435,20220530,688789,0.052007,1.0
52436,20220530,688196,0.049544,1.0
52437,20220530,688083,0.035782,0.0
52438,20220530,688598,0.035349,1.0
52439,20220530,688080,0.033827,1.0
52440,20220530,300760,0.028912,0.0
52441,20220530,300124,0.01982,1.0
52442,20220530,300738,0.015436,0.0
52443,20220530,300705,0.014898,0.0
52444,20220530,300196,0.008671,1.0
52445,20220530,300364,0.006763,0.0
52446,20220530,301073,0.001666,1.0
52447,20220530,688680,-0.003424,1.0
52448,20220530,300856,-0.004928,1.0
52449,20220530,688667,-0.027025,1.0
52450,20220530,300662,-0.039669,1.0
52451,20220531,688209,0.078423,1.0
52452,20220531,688325,0.053756,1.0
52453,20220531,688183,0.031968,1.0
52454,20220531,688200,0.026689,1.0
52455,20220531,688037,0.023762,1.0
52456,20220531,300953,0.016716,1.0
52457,20220531,301069,0.014259,1.0
52458,20220531,688777,0.012585,1.0
52459,20220531,688048,0.012486,1.0
52460,20220531,300616,0.010506,1.0
52461,20220531,301029,0.009285,1.0
52462,20220531,688188,0.007093,1.0
52463,20220531,300673,0.004932,1.0
52464,20220531,300662,0.002741,0.0
52465,20220531,300662,0.002741,0.0
52466,20220531,300767,0.001331,1.0
52467,20220531,300982,0.001261,1.0
52468,20220531,300363,-0.011863,0.0
52469,20220531,688083,-0.015227,1.0
52470,20220531,300364,-0.023033,0.0
52471,20220531,300012,-0.024047,1.0
52472,20220531,300871,-0.024075,1.0
52473,20220531,688052,-0.024558,0.0
52474,20220531,688267,-0.033001,1.0
52475,20220531,300776,-0.042262,1.0
52476,20220601,300587,0.103264,1.0
52477,20220601,688052,0.092437,0.0
52478,20220601,688052,0.092437,0.0
52479,20220601,300580,0.078495,1.0
52480,20220601,688153,0.060264,1.0
52481,20220601,300095,0.056401,1.0
52482,20220601,688281,0.053977,1.0
52483,20220601,688100,0.052414,1.0
52484,20220601,688690,0.046445,1.0
52485,20220601,300973,0.04513,1.0
52486,20220601,688326,0.033628,1.0
52487,20220601,688232,0.024519,0.0
52488,20220601,688105,0.014063,0.0
52489,20220601,300699,0.008016,1.0
52490,20220601,688677,-0.000858,1.0
52491,20220601,300767,-0.026578,1.0
52492,20220601,688123,0.037613,1.0
52493,20220601,688048,0.078034,1.0
52494,20220601,300034,0.05058,1.0
52495,20220601,300059,0.049058,1.0
52496,20220601,300496,0.036707,1.0
52497,20220601,300502,0.033905,1.0
52498,20220601,300760,0.016779,1.0
52499,20220601,688319,0.008314,1.0
52500,20220601,301062,0.00766,1.0
52501,20220601,300767,-0.031399,1.0
52502,20220606,688196,0.073055,1.0
52503,20220606,300759,0.026074,1.0
52504,20220606,688238,0.007163,1.0
52505,20220606,300217,0.006565,1.0
52506,20220606,300866,-0.005455,1.0
52507,20220606,300369,-0.016636,0.0
52508,20220606,688046,-0.037942,0.0
52509,20220606,688508,-0.038677,0.0
52510,20220606,688667,-0.041386,1.0
52511,20220606,688083,-0.055457,0.0
52512,20220607,688131,0.051636,0.0
52513,20220607,688169,0.039793,1.0
52514,20220607,688033,0.027369,1.0
52515,20220607,301050,0.01717,1.0
52516,20220607,300803,0.016302,1.0
52517,20220607,300896,0.013853,1.0
52518,20220607,301073,0.010257,1.0
52519,20220607,301073,0.010257,1.0
52520,20220607,688326,0.009844,1.0
52521,20220607,300685,0.008518,1.0
52522,20220607,300661,-0.002483,1.0
52523,20220607,688007,-0.004107,1.0
52524,20220607,300054,-0.006546,1.0
52525,20220607,688598,-0.006958,1.0
52526,20220607,300207,-0.007707,1.0
52527,20220607,688063,-0.009742,1.0
52528,20220607,301096,-0.011916,0.0
52529,20220607,301096,-0.011916,1.0
52530,20220607,301096,-0.011916,0.0
52531,20220607,301096,-0.011916,0.0
52532,20220607,301096,-0.011916,1.0
52533,20220607,300395,-0.013134,1.0
52534,20220607,688526,-0.014382,1.0
52535,20220607,688311,-0.025226,1.0
52536,20220607,688680,-0.027616,1.0
52537,20220607,688665,-0.027664,1.0
52538,20220607,688665,-0.027664,1.0
52539,20220607,688281,-0.035461,1.0
52540,20220607,300373,-0.057624,1.0
52541,20220607,300373,-0.057624,1.0
52542,20220607,300373,-0.057624,1.0
52543,20220608,688556,0.025641,1.0
52544,20220608,688212,0.014862,1.0
52545,20220608,688331,0.011398,1.0
52546,20220608,300065,-0.013077,1.0
52547,20220608,688707,-0.025658,1.0
52548,20220608,300308,-0.032277,1.0
52549,20220608,688131,-0.033826,0.0
52550,20220608,688131,-0.033826,0.0
52551,20220608,300552,-0.040088,1.0
52552,20220608,688033,-0.046374,1.0
52553,20220608,300014,-0.057337,1.0
52554,20220608,688326,-0.06042,1.0
52555,20220608,301073,-0.060536,1.0
52556,20220609,300014,0.055136,1.0
52557,20220609,300014,0.055136,1.0
52558,20220609,300014,0.055136,1.0
52559,20220609,688046,0.053516,0.0
52560,20220609,300888,0.050096,1.0
52561,20220609,688162,0.047573,1.0
52562,20220609,688368,0.045939,0.0
52563,20220609,300413,0.045861,1.0
52564,20220609,300861,0.032299,1.0
52565,20220609,300996,0.02385,1.0
52566,20220609,300373,0.012557,1.0
52567,20220609,301030,0.012361,1.0
52568,20220609,301073,0.004486,1.0
52569,20220609,688045,0.003333,1.0
52570,20220609,688050,0.0,1.0
52571,20220609,688239,-0.001967,1.0
52572,20220609,688301,-0.00438,1.0
52573,20220609,300171,-0.020661,1.0
52574,20220610,688063,0.051387,1.0
52575,20220610,688063,0.051387,1.0
52576,20220610,300409,0.036348,1.0
52577,20220610,300014,0.032452,1.0
52578,20220610,301106,0.032188,1.0
52579,20220610,301188,0.024551,1.0
52580,20220610,300973,0.008128,1.0
52581,20220610,300973,0.008128,1.0
52582,20220610,688314,0.001068,1.0
52583,20220610,300888,-0.012651,1.0
52584,20220610,300888,-0.012651,1.0
52585,20220610,300888,-0.012651,1.0
52586,20220610,300888,-0.012651,1.0
52587,20220610,300702,-0.01413,1.0
52588,20220610,300450,0.083031,1.0
52589,20220610,300638,0.075127,1.0
52590,20220610,688348,0.04712,1.0
52591,20220610,300034,0.015017,1.0
52592,20220610,688598,0.013071,1.0
52593,20220610,300973,0.008128,1.0
52594,20220610,300811,0.005283,1.0
52595,20220610,300811,0.005283,1.0
52596,20220610,300750,-0.024163,1.0
52597,20220613,301162,0.142968,1.0
52598,20220613,300570,0.112587,1.0
52599,20220613,300496,0.055119,1.0
52600,20220613,688559,0.032597,1.0
52601,20220613,688063,0.027922,1.0
52602,20220613,688063,0.027922,1.0
52603,20220613,300298,0.020293,1.0
52604,20220613,300014,0.012352,1.0
52605,20220613,688733,0.000534,1.0
52606,20220613,688105,-0.001809,1.0
52607,20220613,688345,-0.026032,1.0
52608,20220613,300054,-0.031508,1.0
52609,20220613,688110,-0.031611,1.0
52610,20220613,300919,-0.031751,1.0
52611,20220614,300059,0.03097,1.0
52612,20220614,300866,0.028235,1.0
52613,20220614,300454,0.001894,1.0
52614,20220614,300217,-0.003578,1.0
52615,20220614,300217,-0.003578,1.0
52616,20220614,300638,-0.004322,1.0
52617,20220614,300638,-0.004322,1.0
52618,20220614,300638,-0.004322,1.0
52619,20220614,300681,-0.019831,1.0
52620,20220614,301177,-0.020196,1.0
52621,20220614,301155,-0.025974,1.0
52622,20220614,688348,-0.029231,1.0
52623,20220614,688800,-0.03031,1.0
52624,20220614,300014,-0.031346,1.0
52625,20220614,300450,-0.039384,1.0
52626,20220615,688580,0.058343,1.0
52627,20220615,300233,0.046237,1.0
52628,20220615,300957,0.043395,1.0
52629,20220615,688099,0.041052,1.0
52630,20220615,301096,0.039773,1.0
52631,20220615,300357,0.032913,1.0
52632,20220615,688337,0.006819,1.0
52633,20220615,688235,0.004602,1.0
52634,20220615,688617,0.00458,1.0
52635,20220615,688063,0.004279,1.0
52636,20220615,688331,-0.017083,1.0
52637,20220616,300772,0.116337,1.0
52638,20220616,688366,0.070498,1.0
52639,20220616,300298,0.062888,1.0
52640,20220616,300803,0.05688,1.0
52641,20220616,300568,0.056128,1.0
52642,20220616,688696,0.021917,1.0
52643,20220616,300573,0.016304,1.0
52644,20220616,300832,0.009406,1.0
52645,20220616,301096,0.00847,1.0
52646,20220616,688331,0.004534,1.0
52647,20220616,300783,-0.004348,1.0
52648,20220616,300833,-0.015719,1.0
52649,20220616,688211,-0.015816,1.0
52650,20220616,688211,-0.015816,1.0
52651,20220616,688083,-0.02089,0.0
52652,20220617,300122,0.067099,1.0
52653,20220617,688059,0.0376,1.0
52654,20220617,301162,0.02478,1.0
52655,20220617,300015,0.024,1.0
52656,20220617,300811,0.023375,1.0
52657,20220617,300811,0.023375,1.0
52658,20220617,300347,0.018574,1.0
52659,20220617,300751,0.016894,1.0
52660,20220617,300133,0.013393,1.0
52661,20220617,688520,0.000941,1.0
52662,20220617,688320,-0.004416,1.0
52663,20220617,300570,-0.005112,1.0
52664,20220617,300401,-0.021123,1.0
52665,20220617,688120,-0.03616,1.0
52666,20220617,688599,0.056554,1.0
52667,20220617,688599,0.056554,1.0
52668,20220617,688526,0.04913,1.0
52669,20220617,300750,0.042094,1.0
52670,20220617,300982,0.035892,0.0
52671,20220617,688050,0.012134,1.0
52672,20220617,300813,-0.000476,1.0
52673,20220617,688083,-0.007354,0.0
52674,20220617,688261,-0.015442,1.0
52675,20220617,688120,-0.03616,1.0
52676,20220620,300443,0.038363,1.0
52677,20220620,300443,0.038363,1.0
52678,20220620,688599,0.012909,1.0
52679,20220620,688083,-0.000195,0.0
52680,20220620,688122,-0.002695,1.0
52681,20220620,688683,-0.006224,1.0
52682,20220620,688337,-0.006333,1.0
52683,20220620,688390,-0.007414,1.0
52684,20220620,300601,-0.009072,1.0
52685,20220620,688110,-0.01511,1.0
52686,20220620,688800,-0.018321,1.0
52687,20220620,688779,-0.018859,1.0
52688,20220620,688398,-0.02226,1.0
52689,20220620,688270,-0.024474,1.0
52690,20220620,300395,-0.026482,1.0
52691,20220620,688303,-0.035604,1.0
52692,20220620,688127,-0.03653,1.0
52693,20220621,688711,0.123153,1.0
52694,20220621,688711,0.123153,1.0
52695,20220621,300332,0.015504,1.0
52696,20220621,300769,0.005743,1.0
52697,20220621,688127,-0.000948,1.0
52698,20220621,300855,-0.002577,1.0
52699,20220621,300908,-0.018351,1.0
52700,20220621,300725,-0.021567,1.0
52701,20220621,300725,-0.021567,1.0
52702,20220621,300725,-0.021567,1.0
52703,20220621,688315,-0.022682,0.0
52704,20220621,300777,-0.029212,1.0
52705,20220621,688056,-0.032518,1.0
52706,20220622,300217,0.2,1.0
52707,20220622,688112,0.126593,1.0
52708,20220622,688112,0.126593,1.0
52709,20220622,301263,0.115942,1.0
52710,20220622,688213,0.096904,1.0
52711,20220622,688072,0.077006,1.0
52712,20220622,688167,0.075989,1.0
52713,20220622,300775,0.059698,1.0
52714,20220622,300450,0.058696,1.0
52715,20220622,300630,0.049023,1.0
52716,20220622,688559,0.027387,1.0
52717,20220622,300595,0.026903,1.0
52718,20220622,688266,0.026573,1.0
52719,20220622,300866,0.026221,1.0
52720,20220622,300866,0.026221,1.0
52721,20220622,688568,0.024848,0.0
52722,20220622,300674,0.019066,1.0
52723,20220622,300850,0.018354,1.0
52724,20220622,300911,0.00519,1.0
52725,20220622,300725,-0.002084,1.0
52726,20220622,688599,-0.003676,1.0
52727,20220622,688276,-0.004994,1.0
52728,20220622,688099,-0.023323,0.0
52729,20220623,300928,0.063631,1.0
52730,20220623,300866,0.051897,1.0
52731,20220623,300447,0.032383,1.0
52732,20220623,688595,0.021569,1.0
52733,20220623,688048,0.002608,1.0
52734,20220623,300450,0.002347,1.0
52735,20220623,688019,-0.009854,1.0
52736,20220623,688533,-0.018964,1.0
52737,20220623,688196,-0.021064,1.0
52738,20220623,688007,-0.027723,1.0
52739,20220623,688261,-0.034865,1.0
52740,20220623,688072,-0.035625,1.0
52741,20220624,688047,0.130796,1.0
52742,20220624,688111,0.027309,0.0
52743,20220624,300763,0.016805,1.0
52744,20220624,300012,0.011275,1.0
52745,20220624,688348,0.008734,1.0
52746,20220624,688628,0.004952,1.0
52747,20220624,688196,-0.00151,1.0
52748,20220624,300620,-0.007242,1.0
52749,20220624,300007,-0.016839,1.0
52750,20220624,300638,-0.021645,1.0
52751,20220624,688690,-0.040626,1.0
52752,20220624,300602,0.090409,1.0
52753,20220624,688185,0.055075,1.0
52754,20220624,300308,0.016393,1.0
52755,20220624,300196,-0.004692,1.0
52756,20220624,688131,-0.010561,0.0
52757,20220624,300777,-0.013735,1.0
52758,20220624,688072,-0.021322,1.0
52759,20220627,300144,0.0701,1.0
52760,20220627,688628,0.059461,1.0
52761,20220627,688116,0.046067,1.0
52762,20220627,300294,0.021215,1.0
52763,20220627,300083,0.018977,1.0
52764,20220627,688383,0.011408,1.0
52765,20220627,688112,-0.002538,1.0
52766,20220627,300866,-0.003857,1.0
52767,20220627,300630,-0.006382,1.0
52768,20220627,300750,-0.009107,1.0
52769,20220627,300896,-0.01453,1.0
52770,20220627,301221,-0.01487,1.0
52771,20220627,301162,-0.028231,1.0
52772,20220627,688667,-0.036756,1.0
52773,20220627,300203,-0.043825,1.0
52774,20220628,688595,0.058846,1.0
52775,20220628,301101,0.051751,1.0
52776,20220628,300595,0.040376,1.0
52777,20220628,300856,0.026102,1.0
52778,20220628,300223,0.009681,1.0
52779,20220628,300896,0.002602,1.0
52780,20220628,300896,0.002602,1.0
52781,20220628,300896,0.002602,1.0
52782,20220628,300896,0.002602,1.0
52783,20220628,688363,-0.007834,1.0
52784,20220628,300633,-0.016782,1.0
52785,20220628,300750,-0.021066,1.0
52786,20220628,300750,-0.021066,1.0
52787,20220628,300803,-0.024888,1.0
52788,20220628,688127,-0.025559,1.0
52789,20220628,300568,-0.027872,1.0
52790,20220628,688286,-0.028497,1.0
52791,20220628,688169,-0.033309,1.0
52792,20220628,688169,-0.033309,1.0
52793,20220628,688169,-0.033309,1.0
52794,20220628,688599,-0.034107,1.0
52795,20220628,300587,-0.039157,1.0
52796,20220628,688072,-0.042615,1.0
52797,20220628,688625,-0.052298,1.0
52798,20220628,688580,-0.053149,1.0
52799,20220628,300679,-0.095725,1.0
52800,20220628,688047,-0.119579,1.0
52801,20220629,300438,0.072988,1.0
52802,20220629,300026,0.057692,1.0
52803,20220629,301155,0.048991,1.0
52804,20220629,300763,0.039531,1.0
52805,20220629,300896,0.03808,1.0
52806,20220629,688007,0.02058,1.0
52807,20220629,688116,0.020288,1.0
52808,20220629,688169,0.014309,1.0
52809,20220629,688047,0.010971,1.0
52810,20220629,688006,0.009947,1.0
52811,20220629,300613,0.007126,0.0
52812,20220629,300708,0.006912,1.0
52813,20220629,300990,0.003699,1.0
52814,20220629,300919,0.0,1.0
52815,20220629,300571,-0.009117,0.0
52816,20220629,300628,-0.017926,1.0
52817,20220629,688262,-0.022294,0.0
52818,20220630,300390,0.104005,1.0
52819,20220630,300996,0.0511,1.0
52820,20220630,688065,0.042755,1.0
52821,20220630,300037,0.026065,1.0
52822,20220630,688100,0.019533,1.0
52823,20220630,688120,0.016546,1.0
52824,20220630,688001,0.012123,1.0
52825,20220630,688072,0.008382,1.0
52826,20220630,300347,0.007427,1.0
52827,20220630,300691,-0.002045,1.0
52828,20220630,300088,-0.012129,1.0
52829,20220630,688169,-0.01508,1.0
52830,20220630,688076,-0.02473,1.0
52831,20220630,301099,-0.036176,1.0
52832,20220701,300627,0.085749,1.0
52833,20220701,300332,0.060068,1.0
52834,20220701,300347,0.057155,1.0
52835,20220701,688326,0.0448,1.0
52836,20220701,688052,0.041145,0.0
52837,20220701,300451,0.039835,1.0
52838,20220701,688100,0.038785,1.0
52839,20220701,300601,0.036058,1.0
52840,20220701,688559,0.028786,0.0
52841,20220701,300390,0.01824,1.0
52842,20220701,688686,0.011742,0.0
52843,20220701,688568,0.007382,0.0
52844,20220701,300894,0.00104,1.0
52845,20220701,688696,-0.007627,0.0
52846,20220701,688213,-0.008833,1.0
52847,20220701,300373,-0.049027,1.0
52848,20220701,300373,-0.049027,1.0
52849,20220701,300513,0.064361,1.0
52850,20220701,688526,0.046485,0.0
52851,20220701,300015,0.023139,1.0
52852,20220701,300413,0.00304,1.0
52853,20220701,300012,-0.003497,1.0
52854,20220704,688297,0.041024,0.0
52855,20220704,300708,0.003203,1.0
52856,20220704,300532,0.002674,1.0
52857,20220704,688063,0.001592,1.0
52858,20220704,300760,0.001194,1.0
52859,20220704,300610,-0.005258,1.0
52860,20220704,300373,-0.00834,1.0
52861,20220704,300373,-0.00834,1.0
52862,20220704,300373,-0.00834,1.0
52863,20220704,688270,-0.008837,1.0
52864,20220704,688099,-0.010029,0.0
52865,20220704,688696,-0.010714,0.0
52866,20220704,688262,-0.010782,0.0
52867,20220704,688279,-0.012018,0.0
52868,20220704,688127,-0.014385,1.0
52869,20220704,688121,-0.024203,1.0
52870,20220704,688050,-0.025887,1.0
52871,20220704,300791,-0.026423,1.0
52872,20220704,688123,-0.027659,1.0
52873,20220704,688349,-0.035266,0.0
52874,20220704,688690,-0.035618,0.0
52875,20220704,300451,-0.042272,1.0
52876,20220704,301221,-0.044926,1.0
52877,20220704,688065,-0.055931,1.0
52878,20220704,300928,-0.064052,1.0
52879,20220705,300745,0.077763,1.0
52880,20220705,688383,0.059412,1.0
52881,20220705,688170,0.044435,1.0
52882,20220705,301096,0.024113,1.0
52883,20220705,300871,0.014002,1.0
52884,20220705,300748,0.007226,1.0
52885,20220705,300748,0.007226,1.0
52886,20220705,301071,0.002747,1.0
52887,20220705,301071,0.002747,1.0
52888,20220705,301071,0.002747,1.0
52889,20220705,301071,0.002747,1.0
52890,20220705,300073,-0.004383,1.0
52891,20220705,300073,-0.004383,1.0
52892,20220705,300776,-0.024299,1.0
52893,20220705,300144,-0.054167,1.0
52894,20220705,300801,-0.062945,1.0
52895,20220706,300260,0.2,1.0
52896,20220706,688290,0.129705,1.0
52897,20220706,301071,0.048322,1.0
52898,20220706,300073,0.035407,1.0
52899,20220706,300382,0.024952,1.0
52900,20220706,300568,0.017576,1.0
52901,20220706,300568,0.017576,1.0
52902,20220706,300481,0.008951,1.0
52903,20220706,300751,0.0,1.0
52904,20220706,300748,-0.005091,1.0
52905,20220706,300748,-0.005091,1.0
52906,20220706,300748,-0.005091,1.0
52907,20220706,688207,-0.005656,1.0
52908,20220706,688012,-0.006565,0.0
52909,20220706,688012,-0.006565,1.0
52910,20220706,688012,-0.006565,0.0
52911,20220706,688012,-0.006565,0.0
52912,20220706,688012,-0.006565,1.0
52913,20220706,688665,-0.042195,1.0
52914,20220707,300752,0.05846,1.0
52915,20220707,688768,0.051911,1.0
52916,20220707,688131,0.051,0.0
52917,20220707,688508,0.04394,0.0
52918,20220707,301235,0.038672,1.0
52919,20220707,300532,0.020492,1.0
52920,20220707,688126,0.015441,0.0
52921,20220707,300928,0.013265,1.0
52922,20220707,300454,0.002143,1.0
52923,20220707,688290,0.000782,1.0
52924,20220707,688520,0.000177,1.0
52925,20220707,688012,-0.000637,0.0
52926,20220707,688012,-0.000637,0.0
52927,20220707,300613,-0.008803,1.0
52928,20220707,300054,-0.011489,1.0
52929,20220707,688180,-0.013915,1.0
52930,20220707,688180,-0.013915,0.0
52931,20220707,300767,-0.020958,1.0
52932,20220707,688516,-0.021174,1.0
52933,20220707,688516,-0.021174,0.0
52934,20220707,301071,-0.023522,1.0
52935,20220707,300627,-0.03118,1.0
52936,20220707,300627,-0.03118,1.0
52937,20220707,300073,-0.033826,1.0
52938,20220707,300073,-0.033826,1.0
52939,20220707,300751,-0.045102,1.0
52940,20220707,300751,-0.045102,1.0
52941,20220707,300751,-0.045102,1.0
52942,20220707,300751,-0.045102,1.0
52943,20220707,300751,-0.045102,1.0
52944,20220707,300751,-0.045102,1.0
52945,20220707,300568,-0.05003,1.0
52946,20220708,301162,0.168657,1.0
52947,20220708,688089,0.089441,1.0
52948,20220708,300633,0.046927,1.0
52949,20220708,300633,0.046927,1.0
52950,20220708,300633,0.046927,1.0
52951,20220708,688047,0.03593,0.0
52952,20220708,300587,0.020339,1.0
52953,20220708,301235,0.008322,1.0
52954,20220708,688516,0.002295,0.0
52955,20220708,300751,0.001635,1.0
52956,20220708,300919,-0.006786,1.0
52957,20220708,300627,-0.008621,1.0
52958,20220708,688369,-0.010474,0.0
52959,20220708,688235,-0.016289,1.0
52960,20220708,300571,-0.022085,1.0
52961,20220708,300073,-0.022097,1.0
52962,20220708,300748,-0.024706,1.0
52963,20220708,688012,-0.029798,1.0
52964,20220708,300054,-0.037657,1.0
52965,20220708,300054,-0.037657,1.0
52966,20220708,300487,-0.054573,1.0
52967,20220708,301162,0.168657,1.0
52968,20220708,301266,0.028376,1.0
52969,20220708,688180,0.014527,1.0
52970,20220708,300308,0.002333,1.0
52971,20220711,688779,0.007421,1.0
52972,20220711,300054,-0.004831,1.0
52973,20220711,300073,-0.016923,1.0
52974,20220711,300633,-0.020011,1.0
52975,20220711,688396,-0.023483,0.0
52976,20220711,300724,-0.031475,1.0
52977,20220711,688568,-0.031524,0.0
52978,20220711,300775,-0.031699,1.0
52979,20220711,300179,-0.032051,1.0
52980,20220711,300708,-0.034568,1.0
52981,20220711,300919,-0.037612,1.0
52982,20220711,300645,-0.038672,1.0
52983,20220711,688213,-0.039143,1.0
52984,20220711,688685,-0.05694,1.0
52985,20220711,688676,-0.066183,1.0
52986,20220711,688676,-0.066183,0.0
52987,20220712,301168,0.155466,1.0
52988,20220712,688598,0.072052,1.0
52989,20220712,300438,0.067807,1.0
52990,20220712,301129,0.059132,1.0
52991,20220712,300049,0.054846,1.0
52992,20220712,688786,0.043183,1.0
52993,20220712,688565,0.04281,0.0
52994,20220712,300610,0.031107,1.0
52995,20220712,300888,0.020048,1.0
52996,20220712,300888,0.020048,1.0
52997,20220712,300888,0.020048,1.0
52998,20220712,300888,0.020048,1.0
52999,20220712,300888,0.020048,1.0
53000,20220712,300888,0.020048,1.0
53001,20220712,300888,0.020048,1.0
53002,20220712,300699,0.015568,1.0
53003,20220712,688779,0.01151,0.0
53004,20220712,688173,0.008664,0.0
53005,20220712,688303,0.005214,0.0
53006,20220712,300019,0.003846,1.0
53007,20220712,300316,0.002525,1.0
53008,20220712,300316,0.002525,1.0
53009,20220712,300316,0.002525,1.0
53010,20220712,300673,-0.001768,1.0
53011,20220712,300171,-0.013807,1.0
53012,20220712,300171,-0.013807,1.0
53013,20220712,300171,-0.013807,1.0
53014,20220712,300308,-0.014051,1.0
53015,20220712,300308,-0.014051,1.0
53016,20220712,300308,-0.014051,1.0
53017,20220712,300308,-0.014051,1.0
53018,20220712,300308,-0.014051,1.0
53019,20220712,300596,-0.01427,1.0
53020,20220712,300596,-0.01427,1.0
53021,20220712,688120,-0.014863,1.0
53022,20220712,300146,-0.017189,1.0
53023,20220712,300181,-0.033531,1.0
53024,20220713,301099,0.110999,1.0
53025,20220713,688599,0.077331,1.0
53026,20220713,688331,0.076629,0.0
53027,20220713,300842,0.074006,1.0
53028,20220713,688052,0.064617,0.0
53029,20220713,688005,0.062732,0.0
53030,20220713,688005,0.062732,0.0
53031,20220713,688005,0.062732,1.0
53032,20220713,688668,0.058662,0.0
53033,20220713,688668,0.058662,0.0
53034,20220713,688668,0.058662,0.0
53035,20220713,300171,0.057,1.0
53036,20220713,300260,0.037789,1.0
53037,20220713,300750,0.031558,1.0
53038,20220713,300699,0.027718,1.0
53039,20220713,300699,0.027718,1.0
53040,20220713,300699,0.027718,1.0
53041,20220713,300888,0.025976,1.0
53042,20220713,300888,0.025976,1.0
53043,20220713,300888,0.025976,1.0
53044,20220713,300308,0.025374,1.0
53045,20220713,300308,0.025374,1.0
53046,20220713,300308,0.025374,1.0
53047,20220713,688557,0.02448,1.0
53048,20220713,300887,0.024477,1.0
53049,20220713,300887,0.024477,1.0
53050,20220713,300887,0.024477,1.0
53051,20220713,300363,0.01918,1.0
53052,20220713,300596,0.004606,1.0
53053,20220713,300673,0.004132,1.0
53054,20220713,688349,0.0034,1.0
53055,20220713,688083,-0.005652,0.0
53056,20220713,300628,-0.006267,1.0
53057,20220713,300628,-0.006267,1.0
53058,20220713,300628,-0.006267,1.0
53059,20220713,300628,-0.006267,1.0
53060,20220713,300628,-0.006267,1.0
53061,20220713,300624,-0.006333,1.0
53062,20220714,688295,0.032441,1.0
53063,20220714,688005,0.02428,0.0
53064,20220714,301162,0.022387,1.0
53065,20220714,688556,0.019423,1.0
53066,20220714,688556,0.019423,1.0
53067,20220714,300502,0.016774,1.0
53068,20220714,300502,0.016774,1.0
53069,20220714,300382,0.013012,1.0
53070,20220714,300919,0.00551,1.0
53071,20220714,300919,0.00551,1.0
53072,20220714,688286,0.000428,1.0
53073,20220714,688225,-0.000989,0.0
53074,20220714,300787,-0.00192,1.0
53075,20220714,300747,-0.006052,1.0
53076,20220714,300842,-0.009177,1.0
53077,20220714,300316,-0.019054,1.0
53078,20220714,688668,-0.020824,1.0
53079,20220714,300174,-0.023515,1.0
53080,20220714,300593,-0.026303,1.0
53081,20220714,300286,-0.030065,1.0
53082,20220714,300012,-0.030165,1.0
53083,20220714,300871,-0.032855,1.0
53084,20220714,300363,-0.037897,1.0
53085,20220714,300363,-0.037897,1.0
53086,20220714,300363,-0.037897,1.0
53087,20220714,300363,-0.037897,1.0
53088,20220715,300057,0.132057,1.0
53089,20220715,300057,0.132057,1.0
53090,20220715,300763,0.116445,1.0
53091,20220715,688188,0.089957,0.0
53092,20220715,300570,0.075767,1.0
53093,20220715,300570,0.075767,1.0
53094,20220715,300354,0.05544,1.0
53095,20220715,301029,0.054929,1.0
53096,20220715,688005,0.049894,0.0
53097,20220715,688349,0.042684,1.0
53098,20220715,300680,0.041449,1.0
53099,20220715,300919,0.039037,1.0
53100,20220715,300196,0.030806,1.0
53101,20220715,300916,0.029033,1.0
53102,20220715,301162,0.026572,1.0
53103,20220715,300031,0.023669,1.0
53104,20220715,300790,0.017611,1.0
53105,20220715,688235,0.0159,1.0
53106,20220715,688221,0.012739,1.0
53107,20220715,688221,0.012739,0.0
53108,20220715,300662,0.007515,1.0
53109,20220715,300662,0.007515,1.0
53110,20220715,300662,0.007515,1.0
53111,20220715,300957,-0.003925,1.0
53112,20220715,300012,-0.010368,1.0
53113,20220715,300327,-0.014263,1.0
53114,20220715,300054,-0.025592,1.0
53115,20220715,300666,-0.029455,1.0
53116,20220715,300666,-0.029455,1.0
53117,20220715,300861,-0.072099,1.0
53118,20220715,300861,-0.072099,1.0
53119,20220715,688556,-0.080947,0.0
53120,20220715,300059,0.037946,1.0
53121,20220715,300059,0.037946,1.0
53122,20220715,300893,0.133706,1.0
53123,20220715,300986,0.064722,1.0
53124,20220715,688191,0.054098,0.0
53125,20220715,300059,0.037946,1.0
53126,20220715,300496,0.033423,1.0
53127,20220715,300496,0.033423,1.0
53128,20220715,300496,0.033423,0.0
53129,20220715,300496,0.033423,1.0
53130,20220715,688400,0.025507,0.0
53131,20220715,300244,0.020972,1.0
53132,20220715,300332,0.016179,1.0
53133,20220715,300662,0.007515,1.0
53134,20220715,300662,0.007515,1.0
53135,20220715,300699,0.007165,1.0
53136,20220715,300682,0.005729,1.0
53137,20220715,300682,0.005729,1.0
53138,20220715,300682,0.005729,1.0
53139,20220715,300682,0.005729,1.0
53140,20220715,300666,-0.029455,1.0
53141,20220715,688116,-0.056829,0.0
53142,20220715,300861,-0.072099,1.0
53143,20220718,688696,0.093549,0.0
53144,20220718,300007,0.062187,1.0
53145,20220718,300928,0.056481,1.0
53146,20220718,301091,0.054091,1.0
53147,20220718,300861,0.034061,1.0
53148,20220718,300349,0.027979,1.0
53149,20220718,688059,0.022724,1.0
53150,20220718,300496,0.017944,1.0
53151,20220718,300496,0.017944,1.0
53152,20220718,300496,0.017944,1.0
53153,20220718,300740,0.010197,1.0
53154,20220718,300740,0.010197,1.0
53155,20220718,300332,0.009856,1.0
53156,20220718,688356,0.009174,1.0
53157,20220718,688111,0.006196,0.0
53158,20220718,300251,0.004819,1.0
53159,20220718,300358,0.002328,1.0
53160,20220718,300059,0.002151,1.0
53161,20220718,300059,0.002151,1.0
53162,20220718,300059,0.002151,1.0
53163,20220718,300059,0.002151,1.0
53164,20220718,300463,-0.00206,1.0
53165,20220718,300463,-0.00206,1.0
53166,20220718,300463,-0.00206,1.0
53167,20220718,300065,-0.003091,1.0
53168,20220718,300871,-0.005238,1.0
53169,20220718,300682,-0.02057,1.0
53170,20220718,300682,-0.02057,1.0
53171,20220718,300682,-0.02057,1.0
53172,20220718,688349,-0.022681,1.0
53173,20220718,688516,-0.026063,0.0
53174,20220718,300662,-0.026108,1.0
53175,20220718,300662,-0.026108,1.0
53176,20220718,688337,-0.029841,0.0
53177,20220718,300759,-0.042811,1.0
53178,20220718,300759,-0.042811,1.0
53179,20220718,300443,-0.05095,1.0
53180,20220718,300763,-0.070676,1.0
53181,20220718,300763,-0.070676,1.0
53182,20220719,688363,0.120963,1.0
53183,20220719,300394,0.086323,1.0
53184,20220719,300394,0.086323,1.0
53185,20220719,688065,0.08412,1.0
53186,20220719,300740,0.076043,1.0
53187,20220719,300740,0.076043,1.0
53188,20220719,300740,0.076043,1.0
53189,20220719,301071,0.067998,1.0
53190,20220719,688789,0.052505,1.0
53191,20220719,688072,0.041197,0.0
53192,20220719,301237,0.028789,1.0
53193,20220719,300244,0.019718,1.0
53194,20220719,688230,0.017622,1.0
53195,20220719,688707,0.00941,1.0
53196,20220719,688003,0.005655,1.0
53197,20220719,688337,0.000702,1.0
53198,20220719,300803,-0.000751,1.0
53199,20220719,688556,-0.001456,1.0
53200,20220719,688556,-0.001456,1.0
53201,20220719,300059,-0.003433,1.0
53202,20220719,300059,-0.003433,1.0
53203,20220719,300496,-0.008458,1.0
53204,20220719,300496,-0.008458,1.0
53205,20220719,300496,-0.008458,1.0
53206,20220719,300496,-0.008458,1.0
53207,20220719,300682,-0.017124,1.0
53208,20220719,300930,-0.028727,1.0
53209,20220719,300007,-0.030217,1.0
53210,20220719,688359,-0.044208,1.0
53211,20220720,300938,0.048549,1.0
53212,20220720,300709,0.048432,1.0
53213,20220720,300751,0.042352,1.0
53214,20220720,688120,0.036076,1.0
53215,20220720,688279,0.035915,0.0
53216,20220720,300384,0.031053,1.0
53217,20220720,300681,0.016059,1.0
53218,20220720,300681,0.016059,1.0
53219,20220720,688196,0.011361,1.0
53220,20220720,688168,0.004167,0.0
53221,20220720,688696,0.000834,1.0
53222,20220720,300682,-0.002301,1.0
53223,20220720,688331,-0.005838,0.0
53224,20220720,300031,-0.009004,1.0
53225,20220720,300740,-0.010006,1.0
53226,20220720,300740,-0.010006,1.0
53227,20220720,300059,-0.011197,1.0
53228,20220720,300957,-0.014597,1.0
53229,20220720,300824,-0.018149,1.0
53230,20220720,300824,-0.018149,1.0
53231,20220720,300888,-0.018152,1.0
53232,20220720,688065,-0.021574,0.0
53233,20220720,300394,-0.027142,1.0
53234,20220720,300203,-0.02897,1.0
53235,20220720,300203,-0.02897,1.0
53236,20220720,300019,-0.035731,1.0
53237,20220720,300569,-0.039086,1.0
53238,20220721,688326,0.035182,1.0
53239,20220721,688598,0.034358,0.0
53240,20220721,300765,0.01026,1.0
53241,20220721,688070,0.004791,0.0
53242,20220721,688065,0.001128,1.0
53243,20220721,301069,-0.002203,1.0
53244,20220721,300291,-0.004367,1.0
53245,20220721,300496,-0.004752,1.0
53246,20220721,688618,-0.011867,0.0
53247,20220721,688202,-0.01484,0.0
53248,20220721,688363,-0.017199,1.0
53249,20220721,688363,-0.017199,0.0
53250,20220721,688363,-0.017199,1.0
53251,20220721,688363,-0.017199,0.0
53252,20220721,688363,-0.017199,0.0
53253,20220721,688363,-0.017199,1.0
53254,20220721,688363,-0.017199,0.0
53255,20220721,688363,-0.017199,0.0
53256,20220721,300590,-0.021709,1.0
53257,20220721,300590,-0.021709,1.0
53258,20220721,300590,-0.021709,1.0
53259,20220721,300590,-0.021709,1.0
53260,20220721,688575,-0.021802,0.0
53261,20220721,688521,-0.026042,0.0
53262,20220721,688085,-0.032688,0.0
53263,20220721,300740,-0.034744,1.0
53264,20220721,688680,-0.044684,1.0
53265,20220721,300357,-0.061176,1.0
53266,20220721,300357,-0.061176,1.0
53267,20220721,300357,-0.061176,1.0
53268,20220722,688234,0.082716,1.0
53269,20220722,688234,0.082716,0.0
53270,20220722,688231,0.067969,1.0
53271,20220722,300841,0.062116,1.0
53272,20220722,688777,0.010832,0.0
53273,20220722,688777,0.010832,0.0
53274,20220722,688777,0.010832,0.0
53275,20220722,688777,0.010832,0.0
53276,20220722,688777,0.010832,0.0
53277,20220722,688777,0.010832,0.0
53278,20220722,688105,0.009618,0.0
53279,20220722,688105,0.009618,0.0
53280,20220722,300767,0.007603,1.0
53281,20220722,688120,0.006531,1.0
53282,20220722,688120,0.006531,0.0
53283,20220722,300699,0.000997,1.0
53284,20220722,688363,0.000795,0.0
53285,20220722,688363,0.000795,1.0
53286,20220722,300014,0.000508,1.0
53287,20220722,300357,0.000418,1.0
53288,20220722,688575,-0.001981,0.0
53289,20220722,300151,-0.003235,1.0
53290,20220722,300803,-0.008537,1.0
53291,20220722,300750,-0.019267,1.0
53292,20220722,688206,-0.0235,0.0
53293,20220722,688099,-0.025287,0.0
53294,20220722,300590,-0.027917,1.0
53295,20220722,688696,-0.02949,1.0
53296,20220722,688187,-0.033567,0.0
53297,20220722,300980,-0.045055,1.0
53298,20220722,300724,-0.047002,1.0
53299,20220722,688349,-0.070606,0.0
53300,20220722,300382,-0.111871,1.0
53301,20220722,688777,0.010832,0.0
53302,20220722,300861,-0.026425,1.0
53303,20220722,301193,0.064894,1.0
53304,20220722,300378,0.02755,1.0
53305,20220722,688385,0.020511,0.0
53306,20220722,688777,0.010832,0.0
53307,20220722,688105,0.009618,0.0
53308,20220722,300761,0.007382,0.0
53309,20220722,688120,0.006531,1.0
53310,20220722,688363,0.000795,0.0
53311,20220722,300035,-0.019847,1.0
53312,20220722,300019,-0.021196,1.0
53313,20220722,688099,-0.025287,0.0
53314,20220722,688187,-0.033567,1.0
53315,20220722,688187,-0.033567,1.0
53316,20220722,688112,-0.038179,1.0
53317,20220722,688033,-0.044311,0.0
53318,20220722,300724,-0.047002,1.0
53319,20220722,301101,-0.11262,1.0
53320,20220725,301101,0.089205,1.0
53321,20220725,688599,0.068121,1.0
53322,20220725,301103,0.030786,1.0
53323,20220725,688777,0.019263,0.0
53324,20220725,688033,0.015455,1.0
53325,20220725,688047,0.014204,1.0
53326,20220725,688023,0.012265,0.0
53327,20220725,688099,0.009788,0.0
53328,20220725,300761,0.008793,1.0
53329,20220725,688363,0.006756,0.0
53330,20220725,300590,0.003682,1.0
53331,20220725,300354,0.002672,1.0
53332,20220725,688072,-0.00124,1.0
53333,20220725,300571,-0.001917,1.0
53334,20220725,300378,-0.006275,1.0
53335,20220725,300378,-0.006275,1.0
53336,20220725,300378,-0.006275,1.0
53337,20220725,688120,-0.006667,0.0
53338,20220725,688022,-0.007523,1.0
53339,20220725,688187,-0.010195,1.0
53340,20220725,300811,-0.011708,1.0
53341,20220725,300708,-0.01633,1.0
53342,20220725,688768,-0.017663,1.0
53343,20220725,688768,-0.017663,1.0
53344,20220725,688768,-0.017663,1.0
53345,20220725,688768,-0.017663,1.0
53346,20220725,688105,-0.026882,0.0
53347,20220725,688385,-0.029654,1.0
53348,20220725,688234,-0.038769,1.0
53349,20220725,688234,-0.038769,1.0
53350,20220726,688033,0.096257,1.0
53351,20220726,688363,0.058487,0.0
53352,20220726,688700,0.039237,1.0
53353,20220726,300124,0.03725,1.0
53354,20220726,300896,0.026084,1.0
53355,20220726,688800,0.024607,1.0
53356,20220726,688066,0.023572,0.0
53357,20220726,688768,0.016356,0.0
53358,20220726,688733,0.008783,1.0
53359,20220726,688630,0.008148,1.0
53360,20220726,301166,0.004423,1.0
53361,20220726,688120,-0.002979,1.0
53362,20220726,688120,-0.002979,1.0
53363,20220726,688120,-0.002979,0.0
53364,20220726,688157,-0.009204,0.0
53365,20220726,300378,-0.010907,1.0
53366,20220726,300750,-0.013027,1.0
53367,20220726,300113,-0.018937,1.0
53368,20220726,688262,-0.028238,0.0
53369,20220726,688016,-0.033909,0.0
53370,20220727,300700,0.085988,1.0
53371,20220727,300481,0.077417,1.0
53372,20220727,688599,0.044652,0.0
53373,20220727,301080,0.042796,1.0
53374,20220727,688083,0.037836,0.0
53375,20220727,300373,0.034417,1.0
53376,20220727,688246,0.033034,0.0
53377,20220727,688187,0.030495,0.0
53378,20220727,688248,0.028242,0.0
53379,20220727,300866,0.026522,1.0
53380,20220727,301096,0.019838,1.0
53381,20220727,300286,0.019536,1.0
53382,20220727,688800,0.011128,0.0
53383,20220727,301190,0.006436,1.0
53384,20220727,300666,0.004802,1.0
53385,20220727,688777,0.0039,0.0
53386,20220727,300251,0.001178,1.0
53387,20220727,300750,0.000776,1.0
53388,20220727,301177,0.000325,1.0
53389,20220727,688170,-0.001191,0.0
53390,20220727,688016,-0.003327,1.0
53391,20220727,301162,-0.011737,1.0
53392,20220727,300568,-0.013014,1.0
53393,20220727,300979,-0.020173,1.0
53394,20220727,688066,-0.033658,0.0
53395,20220727,688066,-0.033658,0.0
53396,20220728,301018,0.200097,1.0
53397,20220728,688006,0.05186,0.0
53398,20220728,300918,0.02043,1.0
53399,20220728,300918,0.02043,1.0
53400,20220728,300268,0.020076,1.0
53401,20220728,300268,0.020076,1.0
53402,20220728,300757,0.019833,1.0
53403,20220728,688513,0.010017,1.0
53404,20220728,300586,0.002188,1.0
53405,20220728,688322,-0.008662,1.0
53406,20220728,688322,-0.008662,1.0
53407,20220728,300673,-0.010253,1.0
53408,20220728,688100,-0.016254,0.0
53409,20220728,688100,-0.016254,0.0
53410,20220728,688100,-0.016254,0.0
53411,20220728,688100,-0.016254,1.0
53412,20220728,688786,-0.016983,1.0
53413,20220728,688047,-0.028182,1.0
53414,20220728,688217,-0.029703,1.0
53415,20220728,688385,-0.040219,0.0
53416,20220728,688375,-0.045951,0.0
53417,20220728,300979,-0.051311,1.0
53418,20220728,300979,-0.051311,1.0
53419,20220728,300979,-0.051311,1.0
53420,20220728,300979,-0.051311,1.0
53421,20220728,300979,-0.051311,1.0
53422,20220728,300979,-0.051311,1.0
53423,20220728,300979,-0.051311,1.0
53424,20220728,688262,-0.05451,0.0
53425,20220729,688375,0.124134,1.0
53426,20220729,688628,0.038201,0.0
53427,20220729,300979,0.025771,1.0
53428,20220729,300979,0.025771,1.0
53429,20220729,300979,0.025771,1.0
53430,20220729,301102,0.025496,1.0
53431,20220729,688100,0.019527,1.0
53432,20220729,688682,0.017332,0.0
53433,20220729,301269,0.013467,1.0
53434,20220729,301269,0.013467,1.0
53435,20220729,300684,0.012962,1.0
53436,20220729,300144,0.010156,1.0
53437,20220729,688167,0.00885,1.0
53438,20220729,300760,0.008636,1.0
53439,20220729,300413,0.00861,1.0
53440,20220729,300298,0.0075,1.0
53441,20220729,300298,0.0075,1.0
53442,20220729,300223,0.004725,1.0
53443,20220729,301080,-0.003972,1.0
53444,20220729,301221,-0.00468,1.0
53445,20220729,300850,-0.0058,1.0
53446,20220729,301150,-0.008652,1.0
53447,20220729,688559,-0.009178,1.0
53448,20220729,688559,-0.009178,1.0
53449,20220729,688559,-0.009178,1.0
53450,20220729,688559,-0.009178,0.0
53451,20220729,300918,-0.014752,1.0
53452,20220729,300179,-0.01547,1.0
53453,20220729,300453,-0.021596,1.0
53454,20220729,300718,-0.027077,1.0
53455,20220729,300226,0.011505,1.0
53456,20220729,688800,-0.000411,0.0
53457,20220729,688559,-0.009178,0.0
53458,20220729,300918,-0.014752,1.0
53459,20220801,688700,0.085255,1.0
53460,20220801,688385,0.040869,1.0
53461,20220801,300337,0.039406,1.0
53462,20220801,688556,0.020247,1.0
53463,20220801,300852,0.016268,1.0
53464,20220801,688601,0.006294,1.0
53465,20220801,300428,0.005305,1.0
53466,20220801,301071,-0.003218,1.0
53467,20220801,688559,-0.006778,0.0
53468,20220801,688206,-0.014883,0.0
53469,20220801,300496,-0.015672,0.0
53470,20220801,688663,-0.022098,1.0
53471,20220801,688107,-0.025,1.0
53472,20220801,300059,-0.025688,0.0
53473,20220801,300685,-0.028696,1.0
53474,20220801,300504,-0.033438,1.0
53475,20220801,688155,-0.033661,0.0
53476,20220801,300705,-0.03735,1.0
53477,20220801,300705,-0.03735,1.0
53478,20220801,300705,-0.03735,1.0
53479,20220801,300031,-0.037694,0.0
53480,20220801,688768,-0.038839,1.0
53481,20220801,300558,-0.044643,1.0
53482,20220801,300453,-0.046065,1.0
53483,20220801,300919,-0.05009,1.0
53484,20220801,300979,-0.052066,1.0
53485,20220801,300226,-0.054502,0.0
53486,20220801,300381,-0.058,1.0
53487,20220801,300842,-0.059988,1.0
53488,20220802,300595,0.051967,1.0
53489,20220802,301122,0.005833,1.0
53490,20220802,300887,0.000471,0.0
53491,20220802,300893,-0.017756,1.0
53492,20220802,688665,-0.034554,1.0
53493,20220802,300750,-0.037929,1.0
53494,20220802,300354,-0.049231,1.0
53495,20220802,300648,-0.06905,1.0
53496,20220803,300363,0.056673,1.0
53497,20220803,300852,0.033735,1.0
53498,20220803,300724,0.030972,1.0
53499,20220803,688599,0.021479,1.0
53500,20220803,688082,0.020671,1.0
53501,20220803,300226,0.018715,0.0
53502,20220803,300768,0.01845,1.0
53503,20220803,688225,0.015316,0.0
53504,20220803,300887,0.014581,0.0
53505,20220803,688048,0.010032,1.0
53506,20220803,300740,0.008454,1.0
53507,20220803,300629,0.006768,1.0
53508,20220803,300130,-0.002831,1.0
53509,20220803,688359,-0.003234,0.0
53510,20220803,301102,-0.006831,0.0
53511,20220803,300919,-0.016447,1.0
53512,20220803,688617,-0.021717,1.0
53513,20220803,688559,-0.033697,1.0
53514,20220803,688668,-0.034264,1.0
53515,20220804,301099,0.116498,1.0
53516,20220804,688120,0.074577,1.0
53517,20220804,688270,0.073787,1.0
53518,20220804,688033,0.038889,0.0
53519,20220804,688303,0.036483,1.0
53520,20220804,688303,0.036483,1.0
53521,20220804,688303,0.036483,1.0
53522,20220804,300887,0.030134,0.0
53523,20220804,300654,0.029345,0.0
53524,20220804,301198,0.022912,1.0
53525,20220804,300358,0.021781,1.0
53526,20220804,688518,0.010284,1.0
53527,20220804,300496,0.005187,1.0
53528,20220804,300685,0.003205,1.0
53529,20220804,688559,0.000368,1.0
53530,20220804,300382,-0.001862,1.0
53531,20220804,688516,-0.007159,1.0
53532,20220804,300487,-0.007818,1.0
53533,20220804,300481,-0.018523,1.0
53534,20220804,688668,-0.018618,1.0
53535,20220804,688267,-0.021707,1.0
53536,20220805,688002,0.098298,1.0
53537,20220805,301268,0.059038,1.0
53538,20220805,300858,0.042825,1.0
53539,20220805,300393,0.040997,1.0
53540,20220805,688235,0.037483,1.0
53541,20220805,301099,0.010496,1.0
53542,20220805,300244,0.010444,0.0
53543,20220805,688598,0.008108,1.0
53544,20220805,688105,0.001746,1.0
53545,20220805,300450,0.0,1.0
53546,20220805,300928,-0.008478,1.0
53547,20220805,688266,-0.010436,0.0
53548,20220805,300498,-0.013817,0.0
53549,20220805,300498,-0.013817,0.0
53550,20220805,300498,-0.013817,0.0
53551,20220805,688303,-0.015109,0.0
53552,20220805,688303,-0.015109,1.0
53553,20220805,300999,-0.024922,1.0
53554,20220805,300999,-0.024922,1.0
53555,20220805,300999,-0.024922,1.0
53556,20220805,300999,-0.024922,1.0
53557,20220805,300999,-0.024922,1.0
53558,20220805,300476,-0.027871,1.0
53559,20220805,688711,-0.062222,1.0
53560,20220805,300393,0.040997,1.0
53561,20220805,688002,0.098298,1.0
53562,20220805,688002,0.098298,1.0
53563,20220805,300680,0.095708,1.0
53564,20220805,688125,0.082856,1.0
53565,20220805,688268,0.057197,1.0
53566,20220805,300604,0.054239,1.0
53567,20220805,688033,0.053476,1.0
53568,20220805,688661,0.03722,1.0
53569,20220805,688561,0.015579,0.0
53570,20220805,301099,0.010496,1.0
53571,20220805,300638,0.010247,1.0
53572,20220805,688169,0.010222,1.0
53573,20220805,688083,0.007774,0.0
53574,20220805,688083,0.007774,0.0
53575,20220805,688083,0.007774,0.0
53576,20220805,300628,-0.007657,1.0
53577,20220805,300498,-0.013817,0.0
53578,20220805,688303,-0.015109,1.0
53579,20220805,300348,-0.017857,0.0
53580,20220805,300767,-0.020334,1.0
53581,20220805,688135,-0.035578,1.0
53582,20220805,300595,-0.078028,1.0
53583,20220808,688337,0.11068,1.0
53584,20220808,688337,0.11068,1.0
53585,20220808,300890,0.05335,1.0
53586,20220808,300890,0.05335,1.0
53587,20220808,688082,0.047317,1.0
53588,20220808,688082,0.047317,1.0
53589,20220808,300908,0.044734,1.0
53590,20220808,300928,0.042754,0.0
53591,20220808,300393,0.040447,1.0
53592,20220808,300348,0.04,0.0
53593,20220808,300348,0.04,0.0
53594,20220808,300348,0.04,0.0
53595,20220808,688303,0.037593,1.0
53596,20220808,688303,0.037593,1.0
53597,20220808,688002,0.014917,0.0
53598,20220808,688396,0.01397,1.0
53599,20220808,300174,0.006566,1.0
53600,20220808,300957,0.005164,1.0
53601,20220808,688099,0.004497,0.0
53602,20220808,300384,0.003992,0.0
53603,20220808,300354,-0.000794,1.0
53604,20220808,300059,-0.002769,0.0
53605,20220808,300595,-0.006494,0.0
53606,20220808,300595,-0.006494,1.0
53607,20220808,300595,-0.006494,1.0
53608,20220808,300595,-0.006494,1.0
53609,20220808,688170,-0.010231,1.0
53610,20220808,688778,-0.01046,1.0
53611,20220808,688071,-0.012075,1.0
53612,20220808,300146,-0.021241,1.0
53613,20220808,689009,-0.023701,0.0
53614,20220808,300498,-0.025832,0.0
53615,20220808,300049,-0.058031,1.0
53616,20220808,301269,-0.058116,0.0
53617,20220808,688083,-0.065038,0.0
53618,20220808,688083,-0.065038,0.0
53619,20220808,688083,-0.065038,0.0
53620,20220808,688083,-0.065038,0.0
53621,20220808,688083,-0.065038,0.0
53622,20220808,688083,-0.065038,0.0
53623,20220808,688083,-0.065038,0.0
53624,20220808,688083,-0.065038,0.0
53625,20220808,688083,-0.065038,0.0
53626,20220808,688083,-0.065038,0.0
53627,20220808,688083,-0.065038,0.0
53628,20220809,300217,0.076733,1.0
53629,20220809,688329,0.047524,1.0
53630,20220809,300848,0.046945,1.0
53631,20220809,300382,0.042813,1.0
53632,20220809,688357,0.033468,1.0
53633,20220809,300638,0.031337,1.0
53634,20220809,300638,0.031337,1.0
53635,20220809,688518,0.030249,1.0
53636,20220809,300354,0.018018,1.0
53637,20220809,688337,0.009158,1.0
53638,20220809,688337,0.009158,1.0
53639,20220809,300348,0.001748,1.0
53640,20220809,300775,-0.000888,1.0
53641,20220809,300502,-0.006327,1.0
53642,20220809,688166,-0.00655,1.0
53643,20220809,688686,-0.007748,1.0
53644,20220809,300586,-0.012976,1.0
53645,20220809,300035,-0.014634,1.0
53646,20220809,300999,-0.01791,1.0
53647,20220809,300595,-0.02244,1.0
53648,20220809,688188,-0.024851,0.0
53649,20220809,688188,-0.024851,0.0
53650,20220809,688188,-0.024851,0.0
53651,20220809,300520,-0.025854,0.0
53652,20220809,300036,-0.02661,0.0
53653,20220809,688083,-0.028771,0.0
53654,20220809,300474,-0.028823,1.0
53655,20220809,300474,-0.028823,1.0
53656,20220809,300661,-0.034939,1.0
53657,20220809,301102,-0.041327,1.0
53658,20220809,688521,-0.050886,0.0
53659,20220810,300041,0.095803,1.0
53660,20220810,300595,0.071986,1.0
53661,20220810,300595,0.071986,1.0
53662,20220810,300487,0.051016,1.0
53663,20220810,688800,0.050268,1.0
53664,20220810,300036,0.041553,0.0
53665,20220810,300146,0.028005,1.0
53666,20220810,300638,0.027346,1.0
53667,20220810,300638,0.027346,1.0
53668,20220810,300638,0.027346,1.0
53669,20220810,300638,0.027346,1.0
53670,20220810,300638,0.027346,1.0
53671,20220810,300638,0.027346,1.0
53672,20220810,300638,0.027346,1.0
53673,20220810,688363,0.026535,1.0
53674,20220810,301047,0.024859,1.0
53675,20220810,688105,0.023452,0.0
53676,20220810,301123,0.023077,1.0
53677,20220810,688179,0.022088,0.0
53678,20220810,688621,0.019471,0.0
53679,20220810,688621,0.019471,0.0
53680,20220810,688621,0.019471,0.0
53681,20220810,688621,0.019471,0.0
53682,20220810,688621,0.019471,0.0
53683,20220810,300657,0.016854,1.0
53684,20220810,301086,0.016731,1.0
53685,20220810,301166,0.013338,1.0
53686,20220810,300777,0.010617,1.0
53687,20220810,300775,0.004222,1.0
53688,20220810,688308,-0.002068,1.0
53689,20220810,688308,-0.002068,1.0
53690,20220810,688308,-0.002068,1.0
53691,20220810,688308,-0.002068,1.0
53692,20220810,688008,-0.002109,1.0
53693,20220810,688082,-0.005606,1.0
53694,20220810,688082,-0.005606,1.0
53695,20220810,688082,-0.005606,1.0
53696,20220810,300570,-0.006523,1.0
53697,20220810,688083,-0.006942,1.0
53698,20220810,688516,-0.007551,1.0
53699,20220810,688516,-0.007551,1.0
53700,20220810,688516,-0.007551,1.0
53701,20220810,688516,-0.007551,1.0
53702,20220810,688516,-0.007551,1.0
53703,20220810,688516,-0.007551,1.0
53704,20220810,688516,-0.007551,1.0
53705,20220810,688521,-0.007681,0.0
53706,20220810,301067,-0.010665,1.0
53707,20220810,301096,-0.023606,0.0
53708,20220810,301096,-0.023606,0.0
53709,20220810,301096,-0.023606,0.0
53710,20220810,301096,-0.023606,0.0
53711,20220810,301096,-0.023606,0.0
53712,20220810,301269,-0.025599,1.0
53713,20220810,688248,-0.029925,0.0
53714,20220810,688248,-0.029925,0.0
53715,20220810,688188,-0.057946,0.0
53716,20220810,688188,-0.057946,0.0
53717,20220810,688188,-0.057946,0.0
53718,20220810,300337,-0.07074,1.0
53719,20220811,301071,0.078249,1.0
53720,20220811,301071,0.078249,1.0
53721,20220811,301071,0.078249,1.0
53722,20220811,301071,0.078249,1.0
53723,20220811,301071,0.078249,1.0
53724,20220811,301071,0.078249,1.0
53725,20220811,301071,0.078249,1.0
53726,20220811,301071,0.078249,1.0
53727,20220811,300131,0.014749,1.0
53728,20220811,301096,0.014366,0.0
53729,20220811,301096,0.014366,1.0
53730,20220811,301078,0.013953,1.0
53731,20220811,300049,0.007259,1.0
53732,20220811,300142,0.004302,1.0
53733,20220811,300142,0.004302,1.0
53734,20220811,688273,-0.014069,1.0
53735,20220811,688529,-0.015559,1.0
53736,20220811,300036,-0.020997,0.0
53737,20220811,300037,-0.023408,1.0
53738,20220811,688315,-0.025131,0.0
53739,20220811,688315,-0.025131,0.0
53740,20220811,688596,-0.025316,1.0
53741,20220811,300928,-0.026013,0.0
53742,20220811,688589,-0.026213,1.0
53743,20220811,688516,-0.026875,1.0
53744,20220811,688516,-0.026875,1.0
53745,20220811,688516,-0.026875,1.0
53746,20220811,688516,-0.026875,1.0
53747,20220811,688012,-0.027666,1.0
53748,20220811,688012,-0.027666,1.0
53749,20220811,688012,-0.027666,1.0
53750,20220811,688012,-0.027666,1.0
53751,20220811,688012,-0.027666,1.0
53752,20220811,688012,-0.027666,1.0
53753,20220811,688012,-0.027666,1.0
53754,20220811,688012,-0.027666,1.0
53755,20220811,688012,-0.027666,1.0
53756,20220811,300343,-0.028169,1.0
53757,20220811,688333,-0.02883,1.0
53758,20220811,688008,-0.031209,1.0
53759,20220811,688008,-0.031209,1.0
53760,20220811,688008,-0.031209,1.0
53761,20220811,688008,-0.031209,1.0
53762,20220811,300590,-0.032515,1.0
53763,20220811,688308,-0.03412,1.0
53764,20220811,300775,-0.049126,1.0
53765,20220811,300474,-0.051075,1.0
53766,20220811,688682,-0.051328,0.0
53767,20220811,300724,-0.051739,1.0
53768,20220811,300724,-0.051739,1.0
53769,20220811,300724,-0.051739,1.0
53770,20220811,300724,-0.051739,1.0
53771,20220811,300724,-0.051739,1.0
53772,20220811,300638,-0.052908,1.0
53773,20220811,688082,-0.059347,1.0
53774,20220812,300724,0.079308,1.0
53775,20220812,300724,0.079308,1.0
53776,20220812,300724,0.079308,1.0
53777,20220812,300724,0.079308,1.0
53778,20220812,300320,0.070878,1.0
53779,20220812,300568,0.0628,1.0
53780,20220812,688106,0.061355,1.0
53781,20220812,300618,0.061101,1.0
53782,20220812,688017,0.053758,1.0
53783,20220812,688017,0.053758,1.0
53784,20220812,300041,0.041914,1.0
53785,20220812,301122,0.03175,1.0
53786,20220812,300673,0.029586,1.0
53787,20220812,688006,0.022099,1.0
53788,20220812,688696,0.020862,1.0
53789,20220812,688195,0.019897,1.0
53790,20220812,300240,0.009379,0.0
53791,20220812,688521,0.008977,0.0
53792,20220812,688516,0.007372,1.0
53793,20220812,688516,0.007372,1.0
53794,20220812,300803,0.0026,1.0
53795,20220812,300373,0.00184,1.0
53796,20220812,300373,0.00184,1.0
53797,20220812,300373,0.00184,1.0
53798,20220812,300373,0.00184,1.0
53799,20220812,688099,0.000205,0.0
53800,20220812,688099,0.000205,0.0
53801,20220812,688221,-0.000676,1.0
53802,20220812,688065,-0.000878,1.0
53803,20220812,300498,-0.003612,0.0
53804,20220812,301096,-0.007599,0.0
53805,20220812,300638,-0.007981,1.0
53806,20220812,300327,-0.010574,1.0
53807,20220812,300627,-0.013119,1.0
53808,20220812,300627,-0.013119,1.0
53809,20220812,301071,-0.013164,1.0
53810,20220812,301071,-0.013164,1.0
53811,20220812,301071,-0.013164,1.0
53812,20220812,300911,-0.016686,1.0
53813,20220812,688008,-0.018289,1.0
53814,20220812,300396,-0.018911,1.0
53815,20220812,300856,-0.020803,1.0
53816,20220812,300856,-0.020803,1.0
53817,20220812,688169,-0.023897,1.0
53818,20220812,300866,-0.030361,1.0
53819,20220812,688315,-0.05836,0.0
53820,20220812,300724,0.079308,1.0
53821,20220812,300700,0.075834,1.0
53822,20220812,300373,0.00184,1.0
53823,20220812,688082,-0.014353,1.0
53824,20220812,300143,0.166217,0.0
53825,20220812,300724,0.079308,1.0
53826,20220812,688017,0.053758,1.0
53827,20220812,301031,0.042987,1.0
53828,20220812,300057,0.029173,1.0
53829,20220812,688033,0.027875,1.0
53830,20220812,688033,0.027875,1.0
53831,20220812,688033,0.027875,1.0
53832,20220812,688682,0.026501,0.0
53833,20220812,688696,0.020862,1.0
53834,20220812,688696,0.020862,1.0
53835,20220812,688195,0.019897,1.0
53836,20220812,300474,0.005463,0.0
53837,20220812,300373,0.00184,1.0
53838,20220812,300373,0.00184,1.0
53839,20220812,688099,0.000205,0.0
53840,20220812,688099,0.000205,0.0
53841,20220812,688099,0.000205,0.0
53842,20220812,688287,-0.000732,1.0
53843,20220812,688065,-0.000878,1.0
53844,20220812,688065,-0.000878,1.0
53845,20220812,300059,-0.001743,0.0
53846,20220812,300059,-0.001743,0.0
53847,20220812,300059,-0.001743,0.0
53848,20220812,300059,-0.001743,0.0
53849,20220812,300059,-0.001743,0.0
53850,20220812,300059,-0.001743,0.0
53851,20220812,300059,-0.001743,0.0
53852,20220812,300638,-0.007981,1.0
53853,20220812,301047,-0.009048,0.0
53854,20220812,301047,-0.009048,0.0
53855,20220812,300627,-0.013119,1.0
53856,20220812,300725,-0.018127,1.0
53857,20220812,300725,-0.018127,1.0
53858,20220812,300725,-0.018127,1.0
53859,20220812,300725,-0.018127,1.0
53860,20220812,688012,-0.020184,1.0
53861,20220812,688012,-0.020184,1.0
53862,20220812,688981,-0.02037,0.0
53863,20220812,688041,-0.054576,1.0
53864,20220812,300928,-0.055501,0.0
53865,20220812,300740,-0.077045,1.0
53866,20220815,300724,0.084945,1.0
53867,20220815,688041,0.06811,1.0
53868,20220815,688819,0.058077,1.0
53869,20220815,300236,0.055832,1.0
53870,20220815,301219,0.043961,1.0
53871,20220815,688499,0.028784,1.0
53872,20220815,688567,0.02358,1.0
53873,20220815,688065,0.023212,1.0
53874,20220815,300982,0.022849,0.0
53875,20220815,688017,0.021809,0.0
53876,20220815,301193,0.017446,1.0
53877,20220815,300750,0.01492,1.0
53878,20220815,300382,0.013525,1.0
53879,20220815,688112,0.008872,1.0
53880,20220815,688112,0.008872,1.0
53881,20220815,688112,0.008872,1.0
53882,20220815,688112,0.008872,1.0
53883,20220815,688112,0.008872,1.0
53884,20220815,688300,0.00672,1.0
53885,20220815,300316,0.006339,1.0
53886,20220815,688400,0.003538,1.0
53887,20220815,688516,0.001746,1.0
53888,20220815,301047,0.000609,1.0
53889,20220815,300059,-0.000873,0.0
53890,20220815,300059,-0.000873,0.0
53891,20220815,300059,-0.000873,0.0
53892,20220815,300059,-0.000873,0.0
53893,20220815,300059,-0.000873,0.0
53894,20220815,688682,-0.002347,0.0
53895,20220815,688183,-0.002473,1.0
53896,20220815,688661,-0.003612,1.0
53897,20220815,688266,-0.004424,0.0
53898,20220815,300627,-0.005136,1.0
53899,20220815,300627,-0.005136,1.0
53900,20220815,300627,-0.005136,1.0
53901,20220815,688519,-0.00551,1.0
53902,20220815,688012,-0.008011,1.0
53903,20220815,688033,-0.008814,1.0
53904,20220815,300928,-0.00972,1.0
53905,20220815,688630,-0.010098,1.0
53906,20220815,300144,-0.010277,0.0
53907,20220815,301101,-0.010785,1.0
53908,20220815,300308,-0.011869,1.0
53909,20220815,300725,-0.016675,1.0
53910,20220815,300327,-0.020938,1.0
53911,20220815,300327,-0.020938,1.0
53912,20220815,300327,-0.020938,1.0
53913,20220815,300452,-0.02108,1.0
53914,20220815,300373,-0.021127,1.0
53915,20220815,300373,-0.021127,1.0
53916,20220815,300373,-0.021127,1.0
53917,20220815,300727,-0.022064,1.0
53918,20220815,301071,-0.026548,1.0
53919,20220815,301071,-0.026548,1.0
53920,20220815,300143,-0.030817,0.0
53921,20220815,300143,-0.030817,0.0
53922,20220815,688099,-0.031183,0.0
53923,20220815,688099,-0.031183,0.0
53924,20220815,688099,-0.031183,0.0
53925,20220815,688099,-0.031183,0.0
53926,20220815,688099,-0.031183,0.0
53927,20220815,688099,-0.031183,0.0
53928,20220815,688008,-0.035208,1.0
53929,20220815,688690,-0.03738,1.0
53930,20220815,688690,-0.03738,1.0
53931,20220815,688690,-0.03738,1.0
53932,20220815,688690,-0.03738,1.0
53933,20220815,688690,-0.03738,1.0
53934,20220815,300740,-0.054317,1.0
53935,20220815,300740,-0.054317,1.0
53936,20220815,300740,-0.054317,1.0
53937,20220815,300740,-0.054317,1.0
53938,20220815,300740,-0.054317,1.0
53939,20220815,300740,-0.054317,1.0
53940,20220816,301278,0.144005,1.0
53941,20220816,688630,0.119801,0.0
53942,20220816,688630,0.119801,1.0
53943,20220816,688772,0.062895,1.0
53944,20220816,688557,0.048128,1.0
53945,20220816,688112,0.036513,1.0
53946,20220816,688112,0.036513,1.0
53947,20220816,301195,0.035875,1.0
53948,20220816,300373,0.031279,1.0
53949,20220816,688033,0.024282,1.0
53950,20220816,300639,0.022857,1.0
53951,20220816,300059,0.021407,0.0
53952,20220816,300059,0.021407,0.0
53953,20220816,300059,0.021407,0.0
53954,20220816,688048,0.018409,0.0
53955,20220816,300229,0.015395,0.0
53956,20220816,300229,0.015395,0.0
53957,20220816,300258,0.014237,1.0
53958,20220816,300258,0.014237,1.0
53959,20220816,300179,0.012575,1.0
53960,20220816,300979,0.012395,0.0
53961,20220816,301080,0.01097,1.0
53962,20220816,688082,0.00865,1.0
53963,20220816,688385,0.008555,1.0
53964,20220816,300327,0.008242,1.0
53965,20220816,300327,0.008242,1.0
53966,20220816,300233,0.007343,1.0
53967,20220816,688290,0.00509,1.0
53968,20220816,300036,0.004981,1.0
53969,20220816,300673,0.002874,1.0
53970,20220816,300725,0.002665,1.0
53971,20220816,688120,0.002278,1.0
53972,20220816,688120,0.002278,1.0
53973,20220816,688120,0.002278,1.0
53974,20220816,688012,0.002235,1.0
53975,20220816,688662,0.001306,1.0
53976,20220816,688195,0.001218,1.0
53977,20220816,688696,-0.000141,0.0
53978,20220816,688696,-0.000141,0.0
53979,20220816,300401,-0.000531,1.0
53980,20220816,300401,-0.000531,1.0
53981,20220816,300532,-0.000667,0.0
53982,20220816,688008,-0.000709,1.0
53983,20220816,688008,-0.000709,1.0
53984,20220816,300316,-0.001312,1.0
53985,20220816,300316,-0.001312,1.0
53986,20220816,688348,-0.005,1.0
53987,20220816,300416,-0.005007,0.0
53988,20220816,300416,-0.005007,0.0
53989,20220816,300416,-0.005007,0.0
53990,20220816,301047,-0.006952,0.0
53991,20220816,300759,-0.00812,1.0
53992,20220816,300531,-0.008808,1.0
53993,20220816,300048,-0.008863,1.0
53994,20220816,688003,-0.010336,1.0
53995,20220816,688017,-0.011185,1.0
53996,20220816,688183,-0.013223,1.0
53997,20220816,300618,-0.015178,1.0
53998,20220816,688665,-0.016146,1.0
53999,20220816,688665,-0.016146,1.0
54000,20220816,300735,-0.020121,1.0
54001,20220816,689009,-0.020522,1.0
54002,20220816,689009,-0.020522,1.0
54003,20220816,689009,-0.020522,1.0
54004,20220816,689009,-0.020522,1.0
54005,20220816,300996,-0.02277,0.0
54006,20220816,300224,-0.02293,1.0
54007,20220816,300655,-0.024674,1.0
54008,20220816,300655,-0.024674,1.0
54009,20220816,300699,-0.024731,1.0
54010,20220816,301190,-0.024781,1.0
54011,20220816,688690,-0.026234,1.0
54012,20220816,688690,-0.026234,1.0
54013,20220816,300740,-0.027811,1.0
54014,20220816,300740,-0.027811,1.0
54015,20220816,300740,-0.027811,1.0
54016,20220816,688223,-0.029598,1.0
54017,20220816,688550,-0.031729,1.0
54018,20220816,300855,-0.0393,1.0
54019,20220816,688078,-0.046067,0.0
54020,20220816,300986,-0.057239,1.0
54021,20220816,300986,-0.057239,1.0
54022,20220816,300986,-0.057239,1.0
54023,20220816,300986,-0.057239,1.0
54024,20220816,300568,-0.070866,1.0
54025,20220816,300568,-0.070866,1.0
54026,20220816,688203,-0.103118,1.0
54027,20220817,300316,0.103942,1.0
54028,20220817,688385,0.098431,1.0
54029,20220817,688385,0.098431,1.0
54030,20220817,688700,0.074513,1.0
54031,20220817,300532,0.058039,0.0
54032,20220817,300224,0.054107,1.0
54033,20220817,688048,0.052784,1.0
54034,20220817,688048,0.052784,1.0
54035,20220817,688048,0.052784,1.0
54036,20220817,300258,0.043449,1.0
54037,20220817,688368,0.02185,0.0
54038,20220817,301004,0.018899,1.0
54039,20220817,300655,0.015274,1.0
54040,20220817,300855,0.012151,1.0
54041,20220817,300327,0.01171,1.0
54042,20220817,300143,0.011155,0.0
54043,20220817,300229,0.006892,0.0
54044,20220817,300229,0.006892,0.0
54045,20220817,300740,0.006219,1.0
54046,20220817,300740,0.006219,1.0
54047,20220817,300699,0.004599,1.0
54048,20220817,300699,0.004599,1.0
54049,20220817,300699,0.004599,1.0
54050,20220817,300699,0.004599,1.0
54051,20220817,300699,0.004599,1.0
54052,20220817,300699,0.004599,1.0
54053,20220817,300699,0.004599,1.0
54054,20220817,688120,0.002716,1.0
54055,20220817,688120,0.002716,1.0
54056,20220817,688120,0.002716,1.0
54057,20220817,688120,0.002716,1.0
54058,20220817,688070,0.000281,1.0
54059,20220817,301071,-0.00271,1.0
54060,20220817,301071,-0.00271,1.0
54061,20220817,301071,-0.00271,1.0
54062,20220817,301071,-0.00271,1.0
54063,20220817,300750,-0.004022,1.0
54064,20220817,300856,-0.005644,0.0
54065,20220817,300856,-0.005644,1.0
54066,20220817,300856,-0.005644,1.0
54067,20220817,300856,-0.005644,1.0
54068,20220817,300856,-0.005644,1.0
54069,20220817,300856,-0.005644,1.0
54070,20220817,300856,-0.005644,1.0
54071,20220817,300856,-0.005644,1.0
54072,20220817,300529,-0.006855,1.0
54073,20220817,300618,-0.008857,1.0
54074,20220817,300618,-0.008857,1.0
54075,20220817,688078,-0.010023,0.0
54076,20220817,300059,-0.012404,0.0
54077,20220817,300059,-0.012404,0.0
54078,20220817,301015,-0.013529,1.0
54079,20220817,300498,-0.021212,0.0
54080,20220817,688033,-0.022037,1.0
54081,20220817,300416,-0.027843,0.0
54082,20220817,300416,-0.027843,1.0
54083,20220817,300416,-0.027843,0.0
54084,20220817,300568,-0.032793,1.0
54085,20220817,300568,-0.032793,1.0
54086,20220817,300568,-0.032793,1.0
54087,20220817,688089,-0.032962,1.0
54088,20220817,688089,-0.032962,1.0
54089,20220817,300945,-0.03367,1.0
54090,20220817,300996,-0.034628,1.0
54091,20220817,300996,-0.034628,0.0
54092,20220817,300996,-0.034628,1.0
54093,20220817,300996,-0.034628,1.0
54094,20220817,300986,-0.03489,1.0
54095,20220817,300639,-0.036313,1.0
54096,20220817,300673,-0.036772,1.0
54097,20220817,300151,-0.062106,1.0
54098,20220818,301101,0.148515,1.0
54099,20220818,301101,0.148515,1.0
54100,20220818,301101,0.148515,1.0
54101,20220818,301101,0.148515,1.0
54102,20220818,301101,0.148515,1.0
54103,20220818,688551,0.073208,1.0
54104,20220818,300532,0.046658,0.0
54105,20220818,300703,0.036765,1.0
54106,20220818,688690,0.021209,1.0
54107,20220818,300143,0.005516,1.0
54108,20220818,300986,0.00427,1.0
54109,20220818,300413,0.001017,1.0
54110,20220818,300413,0.001017,1.0
54111,20220818,300413,0.001017,1.0
54112,20220818,300413,0.001017,1.0
54113,20220818,300413,0.001017,1.0
54114,20220818,300413,0.001017,1.0
54115,20220818,300395,-0.00312,1.0
54116,20220818,300395,-0.00312,1.0
54117,20220818,688050,-0.004032,1.0
54118,20220818,688050,-0.004032,1.0
54119,20220818,688050,-0.004032,1.0
54120,20220818,688050,-0.004032,0.0
54121,20220818,300059,-0.008229,0.0
54122,20220818,300979,-0.008245,1.0
54123,20220818,300979,-0.008245,1.0
54124,20220818,300979,-0.008245,1.0
54125,20220818,300979,-0.008245,1.0
54126,20220818,300979,-0.008245,1.0
54127,20220818,300979,-0.008245,1.0
54128,20220818,300979,-0.008245,1.0
54129,20220818,300979,-0.008245,1.0
54130,20220818,300888,-0.013193,1.0
54131,20220818,300888,-0.013193,1.0
54132,20220818,300888,-0.013193,1.0
54133,20220818,300888,-0.013193,1.0
54134,20220818,300888,-0.013193,1.0
54135,20220818,688017,-0.013526,1.0
54136,20220818,300036,-0.014623,0.0
54137,20220818,301061,-0.017996,1.0
54138,20220818,301061,-0.017996,1.0
54139,20220818,300725,-0.018204,1.0
54140,20220818,688319,-0.019752,1.0
54141,20220818,688319,-0.019752,0.0
54142,20220818,688078,-0.019788,0.0
54143,20220818,688561,-0.020626,0.0
54144,20220818,688561,-0.020626,0.0
54145,20220818,688561,-0.020626,0.0
54146,20220818,688561,-0.020626,0.0
54147,20220818,688561,-0.020626,0.0
54148,20220818,300196,-0.022478,1.0
54149,20220818,300196,-0.022478,1.0
54150,20220818,300196,-0.022478,1.0
54151,20220818,688297,-0.022971,1.0
54152,20220818,688388,-0.024508,1.0
54153,20220818,688089,-0.026118,1.0
54154,20220818,688089,-0.026118,1.0
54155,20220818,688089,-0.026118,0.0
54156,20220818,301206,-0.027889,1.0
54157,20220818,688126,-0.030997,1.0
54158,20220818,688126,-0.030997,1.0
54159,20220818,688126,-0.030997,1.0
54160,20220818,688126,-0.030997,1.0
54161,20220818,688120,-0.031411,1.0
54162,20220818,688385,-0.032493,1.0
54163,20220818,301129,-0.033771,1.0
54164,20220818,301129,-0.033771,1.0
54165,20220818,301129,-0.033771,1.0
54166,20220818,688180,-0.034007,1.0
54167,20220818,688711,-0.038217,1.0
54168,20220818,688711,-0.038217,1.0
54169,20220818,688295,-0.040018,0.0
54170,20220818,688295,-0.040018,1.0
54171,20220818,688295,-0.040018,1.0
54172,20220818,688295,-0.040018,1.0
54173,20220818,688295,-0.040018,1.0
54174,20220818,300643,-0.048031,1.0
54175,20220818,688661,-0.051138,1.0
54176,20220818,688661,-0.051138,1.0
54177,20220818,688048,-0.052198,1.0
54178,20220818,688048,-0.052198,1.0
54179,20220818,300740,-0.05377,1.0
54180,20220818,300548,-0.056728,1.0
54181,20220818,688665,-0.056823,1.0
54182,20220818,688665,-0.056823,1.0
54183,20220818,688033,-0.057699,1.0
54184,20220818,688041,-0.058803,1.0
54185,20220818,300855,-0.061625,1.0
54186,20220818,300855,-0.061625,1.0
54187,20220818,300568,-0.066286,1.0
54188,20220818,300568,-0.066286,1.0
54189,20220818,300568,-0.066286,1.0
54190,20220818,300856,-0.070284,1.0
54191,20220818,688639,-0.071573,1.0
54192,20220818,688290,-0.072345,1.0
54193,20220818,688208,-0.079334,1.0
54194,20220818,688208,-0.079334,1.0
54195,20220818,688208,-0.079334,1.0
54196,20220818,688208,-0.079334,1.0
54197,20220818,688003,-0.100402,1.0
54198,20220819,301011,0.199834,1.0
54199,20220819,688636,0.113816,1.0
54200,20220819,688636,0.113816,1.0
54201,20220819,688636,0.113816,1.0
54202,20220819,688800,0.095048,1.0
54203,20220819,688800,0.095048,1.0
54204,20220819,688800,0.095048,1.0
54205,20220819,688800,0.095048,1.0
54206,20220819,688800,0.095048,1.0
54207,20220819,688800,0.095048,1.0
54208,20220819,300855,0.08742,1.0
54209,20220819,300653,0.067619,1.0
54210,20220819,688295,0.061108,1.0
54211,20220819,688295,0.061108,1.0
54212,20220819,688295,0.061108,1.0
54213,20220819,300416,0.060232,0.0
54214,20220819,300416,0.060232,0.0
54215,20220819,688046,0.047256,0.0
54216,20220819,300856,0.037888,1.0
54217,20220819,300856,0.037888,1.0
54218,20220819,300699,0.031713,1.0
54219,20220819,300699,0.031713,1.0
54220,20220819,688385,0.031024,1.0
54221,20220819,300888,0.023192,1.0
54222,20220819,300888,0.023192,1.0
54223,20220819,300888,0.023192,1.0
54224,20220819,300888,0.023192,1.0
54225,20220819,688550,0.019466,1.0
54226,20220819,300498,0.01931,0.0
54227,20220819,300498,0.01931,0.0
54228,20220819,300498,0.01931,0.0
54229,20220819,300498,0.01931,0.0
54230,20220819,300498,0.01931,0.0
54231,20220819,300498,0.01931,0.0
54232,20220819,688388,0.017497,0.0
54233,20220819,688639,0.013091,1.0
54234,20220819,688639,0.013091,1.0
54235,20220819,300224,0.010492,1.0
54236,20220819,688297,0.008343,1.0
54237,20220819,300196,0.008255,1.0
54238,20220819,688667,0.003581,1.0
54239,20220819,301150,0.002198,1.0
54240,20220819,300413,0.002031,1.0
54241,20220819,300413,0.002031,1.0
54242,20220819,300413,0.002031,1.0
54243,20220819,300413,0.002031,1.0
54244,20220819,300413,0.002031,1.0
54245,20220819,300413,0.002031,0.0
54246,20220819,300413,0.002031,0.0
54247,20220819,300413,0.002031,1.0
54248,20220819,688196,0.001949,1.0
54249,20220819,688196,0.001949,1.0
54250,20220819,688050,0.001499,1.0
54251,20220819,688050,0.001499,1.0
54252,20220819,688066,0.00134,0.0
54253,20220819,688066,0.00134,0.0
54254,20220819,688066,0.00134,0.0
54255,20220819,688066,0.00134,0.0
54256,20220819,688022,0.00128,1.0
54257,20220819,688266,0.000584,1.0
54258,20220819,300979,-0.000509,1.0
54259,20220819,300979,-0.000509,1.0
54260,20220819,300979,-0.000509,1.0
54261,20220819,300979,-0.000509,1.0
54262,20220819,300979,-0.000509,1.0
54263,20220819,300979,-0.000509,1.0
54264,20220819,301221,-0.000954,0.0
54265,20220819,301221,-0.000954,0.0
54266,20220819,688319,-0.001727,1.0
54267,20220819,689009,-0.005431,1.0
54268,20220819,688208,-0.007231,0.0
54269,20220819,688561,-0.00771,0.0
54270,20220819,688561,-0.00771,0.0
54271,20220819,688561,-0.00771,0.0
54272,20220819,688561,-0.00771,0.0
54273,20220819,301235,-0.009802,0.0
54274,20220819,300059,-0.010044,0.0
54275,20220819,300726,-0.010327,1.0
54276,20220819,300349,-0.010608,0.0
54277,20220819,688396,-0.013303,1.0
54278,20220819,688396,-0.013303,1.0
54279,20220819,300915,-0.013892,1.0
54280,20220819,688199,-0.014462,0.0
54281,20220819,301101,-0.014778,1.0
54282,20220819,301101,-0.014778,1.0
54283,20220819,301101,-0.014778,1.0
54284,20220819,688711,-0.019868,1.0
54285,20220819,300620,-0.020833,1.0
54286,20220819,300620,-0.020833,1.0
54287,20220819,300601,-0.021856,1.0
54288,20220819,300601,-0.021856,1.0
54289,20220819,301069,-0.025843,1.0
54290,20220819,688589,-0.033672,0.0
54291,20220819,688375,-0.034556,1.0
54292,20220819,300691,-0.040678,1.0
54293,20220819,688536,-0.046664,0.0
54294,20220819,688536,-0.046664,0.0
54295,20220819,688536,-0.046664,0.0
54296,20220819,688536,-0.046664,0.0
54297,20220819,688536,-0.046664,0.0
54298,20220819,688029,-0.051595,1.0
54299,20220819,688029,-0.051595,1.0
54300,20220819,688029,-0.051595,0.0
54301,20220819,688029,-0.051595,0.0
54302,20220819,300916,-0.099874,1.0
54303,20220819,688800,0.095048,1.0
54304,20220819,300760,0.032919,1.0
54305,20220819,300888,0.023192,1.0
54306,20220819,300498,0.01931,0.0
54307,20220819,300647,0.002627,1.0
54308,20220819,688561,-0.00771,0.0
54309,20220819,688389,-0.04015,1.0
54310,20220819,300803,-0.048496,0.0
54311,20220819,688029,-0.051595,1.0
54312,20220819,688696,-0.140936,1.0
54313,20220819,688636,0.113816,1.0
54314,20220819,688007,0.071741,1.0
54315,20220819,300653,0.067619,1.0
54316,20220819,300294,0.051136,1.0
54317,20220819,300294,0.051136,1.0
54318,20220819,688046,0.047256,0.0
54319,20220819,688046,0.047256,0.0
54320,20220819,300476,0.045139,1.0
54321,20220819,300054,0.036259,1.0
54322,20220819,300760,0.032919,1.0
54323,20220819,300760,0.032919,1.0
54324,20220819,300760,0.032919,1.0
54325,20220819,301061,0.02812,1.0
54326,20220819,688626,0.025826,0.0
54327,20220819,688626,0.025826,1.0
54328,20220819,300498,0.01931,0.0
54329,20220819,688095,0.016722,0.0
54330,20220819,300363,0.013929,1.0
54331,20220819,300395,0.004695,1.0
54332,20220819,300413,0.002031,1.0
54333,20220819,688050,0.001499,0.0
54334,20220819,688066,0.00134,0.0
54335,20220819,688066,0.00134,0.0
54336,20220819,688022,0.00128,0.0
54337,20220819,688266,0.000584,0.0
54338,20220819,688126,-0.006954,1.0
54339,20220819,688120,-0.007659,1.0
54340,20220819,688561,-0.00771,0.0
54341,20220819,688112,-0.009134,1.0
54342,20220819,688396,-0.013303,1.0
54343,20220819,300803,-0.048496,0.0
54344,20220819,300019,-0.081282,1.0
54345,20220822,688385,0.085305,1.0
54346,20220822,301179,0.068533,0.0
54347,20220822,688041,0.062467,1.0
54348,20220822,300757,0.061644,1.0
54349,20220822,688156,0.059816,0.0
54350,20220822,300673,0.055288,1.0
54351,20220822,301193,0.054094,1.0
54352,20220822,688248,0.050788,0.0
54353,20220822,688516,0.049323,1.0
54354,20220822,300858,0.045358,1.0
54355,20220822,300610,0.041538,1.0
54356,20220822,688596,0.041389,1.0
54357,20220822,301168,0.037277,1.0
54358,20220822,688314,0.031456,1.0
54359,20220822,688636,0.030738,0.0
54360,20220822,688636,0.030738,1.0
54361,20220822,688066,0.028916,0.0
54362,20220822,688066,0.028916,0.0
54363,20220822,688066,0.028916,0.0
54364,20220822,688066,0.028916,0.0
54365,20220822,300873,0.028155,0.0
54366,20220822,688071,0.027332,1.0
54367,20220822,688210,0.024184,1.0
54368,20220822,688007,0.018688,1.0
54369,20220822,688358,0.016749,1.0
54370,20220822,300395,0.016355,1.0
54371,20220822,300474,0.015995,1.0
54372,20220822,300498,0.01451,0.0
54373,20220822,300498,0.01451,0.0
54374,20220822,300498,0.01451,0.0
54375,20220822,688095,0.014228,0.0
54376,20220822,688639,0.010696,1.0
54377,20220822,300054,0.00994,1.0
54378,20220822,300054,0.00994,1.0
54379,20220822,300054,0.00994,1.0
54380,20220822,688208,0.009712,1.0
54381,20220822,688208,0.009712,1.0
54382,20220822,688208,0.009712,1.0
54383,20220822,688208,0.009712,1.0
54384,20220822,688208,0.009712,1.0
54385,20220822,300620,0.0082,1.0
54386,20220822,688271,0.004304,1.0
54387,20220822,688202,0.003089,0.0
54388,20220822,688202,0.003089,0.0
54389,20220822,688319,0.0,1.0
54390,20220822,688800,-6.3e-05,1.0
54391,20220822,688711,-0.001351,1.0
54392,20220822,688561,-0.002464,0.0
54393,20220822,688550,-0.003678,1.0
54394,20220822,300803,-0.004932,0.0
54395,20220822,300803,-0.004932,0.0
54396,20220822,301061,-0.005224,1.0
54397,20220822,688536,-0.007112,0.0
54398,20220822,688536,-0.007112,0.0
54399,20220822,300760,-0.012139,1.0
54400,20220822,300760,-0.012139,1.0
54401,20220822,300760,-0.012139,1.0
54402,20220822,300760,-0.012139,1.0
54403,20220822,300760,-0.012139,1.0
54404,20220822,300760,-0.012139,1.0
54405,20220822,300760,-0.012139,1.0
54406,20220822,300760,-0.012139,1.0
54407,20220822,300888,-0.012933,1.0
54408,20220822,301289,-0.012971,1.0
54409,20220822,300855,-0.013725,1.0
54410,20220822,300855,-0.013725,1.0
54411,20220822,688122,-0.014047,1.0
54412,20220822,688122,-0.014047,0.0
54413,20220822,688122,-0.014047,1.0
54414,20220822,688122,-0.014047,1.0
54415,20220822,688122,-0.014047,1.0
54416,20220822,688122,-0.014047,1.0
54417,20220822,688122,-0.014047,1.0
54418,20220822,688023,-0.014997,0.0
54419,20220822,688626,-0.015441,0.0
54420,20220822,688183,-0.017138,1.0
54421,20220822,300979,-0.017994,1.0
54422,20220822,300019,-0.018706,1.0
54423,20220822,300413,-0.019257,1.0
54424,20220822,300413,-0.019257,0.0
54425,20220822,300413,-0.019257,0.0
54426,20220822,688793,-0.021944,1.0
54427,20220822,688793,-0.021944,1.0
54428,20220822,688793,-0.021944,1.0
54429,20220822,688793,-0.021944,1.0
54430,20220822,300601,-0.023215,1.0
54431,20220822,300601,-0.023215,1.0
54432,20220822,300601,-0.023215,1.0
54433,20220822,688389,-0.025098,0.0
54434,20220822,688389,-0.025098,1.0
54435,20220822,301221,-0.026098,0.0
54436,20220822,301221,-0.026098,0.0
54437,20220822,301221,-0.026098,1.0
54438,20220822,301221,-0.026098,1.0
54439,20220822,300725,-0.026667,1.0
54440,20220822,300363,-0.033067,1.0
54441,20220822,300363,-0.033067,1.0
54442,20220822,300363,-0.033067,1.0
54443,20220822,300363,-0.033067,1.0
54444,20220822,300363,-0.033067,1.0
54445,20220822,300363,-0.033067,1.0
54446,20220822,300363,-0.033067,1.0
54447,20220822,300363,-0.033067,1.0
54448,20220822,300363,-0.033067,1.0
54449,20220822,300363,-0.033067,1.0
54450,20220822,300726,-0.033217,1.0
54451,20220822,688050,-0.033836,1.0
54452,20220822,688776,-0.035529,1.0
54453,20220822,301091,-0.039184,0.0
54454,20220822,688696,-0.043077,1.0
54455,20220822,688696,-0.043077,1.0
54456,20220822,688696,-0.043077,1.0
54457,20220822,688696,-0.043077,1.0
54458,20220822,688696,-0.043077,1.0
54459,20220822,688696,-0.043077,1.0
54460,20220822,688696,-0.043077,1.0
54461,20220822,688696,-0.043077,1.0
54462,20220822,688696,-0.043077,1.0
54463,20220822,300320,-0.044518,1.0
54464,20220822,300294,-0.055192,1.0
54465,20220822,300294,-0.055192,1.0
54466,20220822,300298,-0.069896,1.0
54467,20220822,300298,-0.069896,1.0
54468,20220822,688046,-0.087627,0.0
54469,20220822,688046,-0.087627,0.0
54470,20220822,688046,-0.087627,0.0
54471,20220823,301011,0.066858,1.0
54472,20220823,301193,0.010818,1.0
54473,20220823,301193,0.010818,1.0
54474,20220823,301193,0.010818,1.0
54475,20220823,300841,0.005701,1.0
54476,20220823,300841,0.005701,1.0
54477,20220823,688050,0.003151,1.0
54478,20220823,300363,-0.004956,1.0
54479,20220823,300363,-0.004956,1.0
54480,20220823,300760,-0.005383,1.0
54481,20220823,300298,-0.00558,1.0
54482,20220823,300298,-0.00558,1.0
54483,20220823,300783,-0.00924,1.0
54484,20220823,688206,-0.009571,0.0
54485,20220823,688206,-0.009571,1.0
54486,20220823,688202,-0.01375,0.0
54487,20220823,300133,-0.014433,0.0
54488,20220823,300133,-0.014433,0.0
54489,20220823,300803,-0.015972,1.0
54490,20220823,300596,-0.016101,1.0
54491,20220823,300596,-0.016101,1.0
54492,20220823,688626,-0.017388,0.0
54493,20220823,300785,-0.017836,0.0
54494,20220823,300785,-0.017836,0.0
54495,20220823,688556,-0.018636,0.0
54496,20220823,688556,-0.018636,1.0
54497,20220823,688556,-0.018636,1.0
54498,20220823,688556,-0.018636,1.0
54499,20220823,688179,-0.019942,0.0
54500,20220823,688085,-0.021388,1.0
54501,20220823,688046,-0.026803,0.0
54502,20220823,688046,-0.026803,0.0
54503,20220823,688139,-0.028242,1.0
54504,20220823,688375,-0.033584,1.0
54505,20220823,688389,-0.034325,1.0
54506,20220823,688358,-0.034472,1.0
54507,20220823,300601,-0.035056,1.0
54508,20220823,688793,-0.036982,1.0
54509,20220823,688793,-0.036982,1.0
54510,20220823,688793,-0.036982,1.0
54511,20220823,688023,-0.037855,0.0
54512,20220823,688023,-0.037855,0.0
54513,20220823,688023,-0.037855,0.0
54514,20220823,688023,-0.037855,1.0
54515,20220823,688023,-0.037855,0.0
54516,20220823,300413,-0.038925,0.0
54517,20220823,300587,-0.041127,1.0
54518,20220823,688125,-0.044792,1.0
54519,20220823,300487,-0.045908,1.0
54520,20220823,300124,-0.046063,1.0
54521,20220823,300124,-0.046063,1.0
54522,20220823,300124,-0.046063,1.0
54523,20220823,688636,-0.046388,1.0
54524,20220823,300755,-0.046554,1.0
54525,20220823,300755,-0.046554,1.0
54526,20220823,300755,-0.046554,1.0
54527,20220823,300755,-0.046554,1.0
54528,20220823,300755,-0.046554,1.0
54529,20220823,688156,-0.046671,0.0
54530,20220823,300019,-0.047398,1.0
54531,20220823,301031,-0.047706,1.0
54532,20220823,300586,-0.048051,1.0
54533,20220823,688283,-0.053109,1.0
54534,20220823,300476,-0.055082,1.0
54535,20220823,300793,-0.055524,1.0
54536,20220823,688128,-0.057259,1.0
54537,20220823,688191,-0.058891,0.0
54538,20220823,688561,-0.05946,0.0
54539,20220823,688561,-0.05946,0.0
54540,20220823,300696,-0.060303,1.0
54541,20220823,300037,-0.064843,1.0
54542,20220823,688011,-0.065007,1.0
54543,20220823,300532,-0.065375,1.0
54544,20220823,300996,-0.065887,0.0
54545,20220823,300752,-0.066572,1.0
54546,20220823,688696,-0.067148,1.0
54547,20220823,300879,-0.067234,1.0
54548,20220823,688007,-0.068045,1.0
54549,20220823,688208,-0.071235,1.0
54550,20220823,688109,-0.071408,0.0
54551,20220823,688345,-0.074074,1.0
54552,20220823,688020,-0.078976,1.0
54553,20220823,300842,-0.082481,1.0
54554,20220823,300842,-0.082481,1.0
54555,20220823,300034,-0.084342,1.0
54556,20220823,688686,-0.087096,1.0
54557,20220823,688686,-0.087096,1.0
54558,20220823,688686,-0.087096,1.0
54559,20220823,688262,-0.093028,0.0
54560,20220824,301193,0.159166,1.0
54561,20220824,301193,0.159166,1.0
54562,20220824,300785,0.060129,0.0
54563,20220824,688078,0.057259,0.0
54564,20220824,300596,0.040327,1.0
54565,20220824,300240,0.037851,0.0
54566,20220824,300633,0.034974,1.0
54567,20220824,300633,0.034974,1.0
54568,20220824,300896,0.024416,1.0
54569,20220824,688050,0.021987,1.0
54570,20220824,300133,0.020921,0.0
54571,20220824,688686,0.020574,1.0
54572,20220824,688686,0.020574,1.0
54573,20220824,300696,0.019026,0.0
54574,20220824,300755,0.015536,1.0
54575,20220824,300413,0.013978,1.0
54576,20220824,300413,0.013978,1.0
54577,20220824,300143,0.013514,0.0
54578,20220824,300825,0.012087,0.0
54579,20220824,300363,0.010958,1.0
54580,20220824,300498,0.009285,0.0
54581,20220824,688618,0.009259,0.0
54582,20220824,300841,0.00384,1.0
54583,20220824,688556,0.000606,1.0
54584,20220824,688556,0.000606,1.0
54585,20220824,688295,0.0,0.0
54586,20220824,300888,-0.000705,1.0
54587,20220824,300768,-0.001491,0.0
54588,20220824,688018,-0.002143,0.0
54589,20220824,300565,-0.003115,1.0
54590,20220824,300296,-0.004505,1.0
54591,20220824,688023,-0.007768,0.0
54592,20220824,688023,-0.007768,0.0
54593,20220824,688696,-0.00847,1.0
54594,20220824,300568,-0.009244,1.0
54595,20220824,300349,-0.012464,0.0
54596,20220824,688660,-0.013871,1.0
54597,20220824,688003,-0.015124,1.0
54598,20220824,300034,-0.016631,1.0
54599,20220824,688202,-0.018176,0.0
54600,20220824,300564,-0.019048,0.0
54601,20220824,300750,-0.019084,1.0
54602,20220824,300750,-0.019084,1.0
54603,20220824,300750,-0.019084,1.0
54604,20220824,300750,-0.019084,1.0
54605,20220824,300750,-0.019084,1.0
54606,20220824,300750,-0.019084,1.0
54607,20220824,300750,-0.019084,1.0
54608,20220824,300750,-0.019084,1.0
54609,20220824,300656,-0.019241,1.0
54610,20220824,300656,-0.019241,1.0
54611,20220824,688271,-0.019375,1.0
54612,20220824,688271,-0.019375,1.0
54613,20220824,300332,-0.019663,1.0
54614,20220824,300037,-0.020152,1.0
54615,20220824,300476,-0.020433,1.0
54616,20220824,300580,-0.020634,1.0
54617,20220824,688278,-0.021204,1.0
54618,20220824,688111,-0.023036,0.0
54619,20220824,688111,-0.023036,0.0
54620,20220824,688111,-0.023036,0.0
54621,20220824,688111,-0.023036,0.0
54622,20220824,688111,-0.023036,0.0
54623,20220824,688111,-0.023036,0.0
54624,20220824,688516,-0.024271,0.0
54625,20220824,688662,-0.024483,1.0
54626,20220824,301221,-0.02496,1.0
54627,20220824,301221,-0.02496,1.0
54628,20220824,688305,-0.025166,1.0
54629,20220824,688536,-0.025813,0.0
54630,20220824,300481,-0.028605,1.0
54631,20220824,300481,-0.028605,1.0
54632,20220824,300481,-0.028605,1.0
54633,20220824,688167,-0.028886,1.0
54634,20220824,688007,-0.029349,1.0
54635,20220824,688007,-0.029349,1.0
54636,20220824,688007,-0.029349,1.0
54637,20220824,300855,-0.032231,1.0
54638,20220824,688800,-0.032922,1.0
54639,20220824,688800,-0.032922,1.0
54640,20220824,688800,-0.032922,1.0
54641,20220824,300450,-0.033882,1.0
54642,20220824,300496,-0.036194,0.0
54643,20220824,300496,-0.036194,0.0
54644,20220824,300496,-0.036194,1.0
54645,20220824,300496,-0.036194,0.0
54646,20220824,300496,-0.036194,1.0
54647,20220824,300384,-0.038534,0.0
54648,20220824,688667,-0.040321,1.0
54649,20220824,688668,-0.040886,1.0
54650,20220824,688283,-0.047899,1.0
54651,20220824,688329,-0.0565,1.0
54652,20220824,300726,-0.057582,1.0
54653,20220824,300726,-0.057582,1.0
54654,20220824,688345,-0.061765,1.0
54655,20220824,688259,-0.068631,1.0
54656,20220824,688499,-0.076208,1.0
54657,20220824,688248,-0.10708,0.0
54658,20220825,300286,0.154885,1.0
54659,20220825,688789,0.057143,1.0
54660,20220825,688789,0.057143,0.0
54661,20220825,300496,0.038619,0.0
54662,20220825,300496,0.038619,0.0
54663,20220825,300496,0.038619,1.0
54664,20220825,300496,0.038619,0.0
54665,20220825,300496,0.038619,0.0
54666,20220825,300496,0.038619,1.0
54667,20220825,300138,0.037613,0.0
54668,20220825,688248,0.032706,0.0
54669,20220825,300833,0.031615,1.0
54670,20220825,300587,0.029484,1.0
54671,20220825,688007,0.028392,1.0
54672,20220825,688270,0.027385,1.0
54673,20220825,688625,0.02384,1.0
54674,20220825,301035,0.022892,1.0
54675,20220825,688212,0.01681,1.0
54676,20220825,300012,0.015934,0.0
54677,20220825,300012,0.015934,0.0
54678,20220825,300012,0.015934,0.0
54679,20220825,301031,0.014771,1.0
54680,20220825,300653,0.01245,1.0
54681,20220825,688348,0.010629,1.0
54682,20220825,688348,0.010629,1.0
54683,20220825,688599,0.010021,1.0
54684,20220825,300755,0.009991,1.0
54685,20220825,300643,0.009091,1.0
54686,20220825,300999,0.008869,1.0
54687,20220825,300760,0.008855,1.0
54688,20220825,688238,0.008184,0.0
54689,20220825,688238,0.008184,0.0
54690,20220825,688238,0.008184,0.0
54691,20220825,300662,0.00795,1.0
54692,20220825,300662,0.00795,0.0
54693,20220825,300662,0.00795,0.0
54694,20220825,300662,0.00795,0.0
54695,20220825,300662,0.00795,0.0
54696,20220825,300662,0.00795,0.0
54697,20220825,300662,0.00795,0.0
54698,20220825,300662,0.00795,0.0
54699,20220825,300662,0.00795,0.0
54700,20220825,688168,0.007876,0.0
54701,20220825,300719,0.007366,1.0
54702,20220825,300559,0.004444,0.0
54703,20220825,300251,0.004283,0.0
54704,20220825,688217,0.003347,0.0
54705,20220825,301122,0.002475,1.0
54706,20220825,301122,0.002475,1.0
54707,20220825,689009,0.002157,1.0
54708,20220825,301129,0.001049,1.0
54709,20220825,300824,0.000994,1.0
54710,20220825,300824,0.000994,1.0
54711,20220825,300824,0.000994,1.0
54712,20220825,301062,0.0,1.0
54713,20220825,301078,-0.000716,1.0
54714,20220825,301078,-0.000716,1.0
54715,20220825,688499,-0.00161,1.0
54716,20220825,688499,-0.00161,1.0
54717,20220825,300332,-0.002149,1.0
54718,20220825,300610,-0.002203,1.0
54719,20220825,300009,-0.003161,1.0
54720,20220825,300009,-0.003161,1.0
54721,20220825,300648,-0.003269,1.0
54722,20220825,688698,-0.004472,1.0
54723,20220825,688687,-0.004843,1.0
54724,20220825,688618,-0.005138,1.0
54725,20220825,688126,-0.00544,1.0
54726,20220825,300133,-0.006148,0.0
54727,20220825,300384,-0.006354,0.0
54728,20220825,688561,-0.006795,0.0
54729,20220825,688685,-0.006942,1.0
54730,20220825,688161,-0.007897,1.0
54731,20220825,688369,-0.009288,0.0
54732,20220825,300896,-0.010118,1.0
54733,20220825,300896,-0.010118,1.0
54734,20220825,300896,-0.010118,1.0
54735,20220825,300896,-0.010118,1.0
54736,20220825,300896,-0.010118,1.0
54737,20220825,300896,-0.010118,1.0
54738,20220825,300896,-0.010118,1.0
54739,20220825,300896,-0.010118,1.0
54740,20220825,300896,-0.010118,1.0
54741,20220825,300896,-0.010118,1.0
54742,20220825,300896,-0.010118,1.0
54743,20220825,300896,-0.010118,1.0
54744,20220825,300896,-0.010118,1.0
54745,20220825,300896,-0.010118,1.0
54746,20220825,300896,-0.010118,1.0
54747,20220825,300896,-0.010118,1.0
54748,20220825,688023,-0.010511,0.0
54749,20220825,688023,-0.010511,0.0
54750,20220825,301188,-0.010753,1.0
54751,20220825,688786,-0.010857,1.0
54752,20220825,688116,-0.011009,1.0
54753,20220825,688116,-0.011009,1.0
54754,20220825,688305,-0.011503,1.0
54755,20220825,688305,-0.011503,1.0
54756,20220825,688728,-0.011716,1.0
54757,20220825,688111,-0.011759,0.0
54758,20220825,688111,-0.011759,0.0
54759,20220825,301102,-0.012326,0.0
54760,20220825,301102,-0.012326,0.0
54761,20220825,300558,-0.012617,1.0
54762,20220825,300558,-0.012617,1.0
54763,20220825,300558,-0.012617,1.0
54764,20220825,300558,-0.012617,1.0
54765,20220825,300558,-0.012617,1.0
54766,20220825,300548,-0.013969,1.0
54767,20220825,300750,-0.014047,1.0
54768,20220825,300750,-0.014047,1.0
54769,20220825,300750,-0.014047,1.0
54770,20220825,300143,-0.014167,0.0
54771,20220825,688349,-0.015331,1.0
54772,20220825,300021,-0.016014,1.0
54773,20220825,300762,-0.016058,1.0
54774,20220825,688036,-0.016131,0.0
54775,20220825,688036,-0.016131,1.0
54776,20220825,300015,-0.017166,0.0
54777,20220825,300015,-0.017166,0.0
54778,20220825,300015,-0.017166,0.0
54779,20220825,300015,-0.017166,0.0
54780,20220825,300015,-0.017166,0.0
54781,20220825,300015,-0.017166,0.0
54782,20220825,300015,-0.017166,0.0
54783,20220825,300015,-0.017166,0.0
54784,20220825,300015,-0.017166,0.0
54785,20220825,300037,-0.017691,1.0
54786,20220825,300037,-0.017691,1.0
54787,20220825,300037,-0.017691,1.0
54788,20220825,300476,-0.019018,1.0
54789,20220825,300661,-0.020169,1.0
54790,20220825,300661,-0.020169,1.0
54791,20220825,300661,-0.020169,1.0
54792,20220825,688296,-0.02151,0.0
54793,20220825,300633,-0.021575,1.0
54794,20220825,300394,-0.022693,1.0
54795,20220825,300394,-0.022693,1.0
54796,20220825,300394,-0.022693,1.0
54797,20220825,300858,-0.023094,1.0
54798,20220825,300858,-0.023094,1.0
54799,20220825,300124,-0.025451,1.0
54800,20220825,300124,-0.025451,1.0
54801,20220825,688677,-0.028099,1.0
54802,20220825,688677,-0.028099,1.0
54803,20220825,688677,-0.028099,1.0
54804,20220825,688677,-0.028099,1.0
54805,20220825,688798,-0.029908,1.0
54806,20220825,300586,-0.031038,1.0
54807,20220825,688686,-0.031779,1.0
54808,20220825,688686,-0.031779,1.0
54809,20220825,688686,-0.031779,1.0
54810,20220825,688686,-0.031779,0.0
54811,20220825,688200,-0.031859,1.0
54812,20220825,688516,-0.032065,1.0
54813,20220825,300170,-0.035211,0.0
54814,20220825,301269,-0.035982,0.0
54815,20220825,301269,-0.035982,0.0
54816,20220825,301269,-0.035982,0.0
54817,20220825,301269,-0.035982,0.0
54818,20220825,688166,-0.037459,1.0
54819,20220825,688166,-0.037459,1.0
54820,20220825,688166,-0.037459,1.0
54821,20220825,688398,-0.038177,1.0
54822,20220825,688398,-0.038177,1.0
54823,20220825,688206,-0.049367,0.0
54824,20220825,301179,-0.052599,0.0
54825,20220825,300866,-0.05756,1.0
54826,20220825,300866,-0.05756,1.0
54827,20220825,300866,-0.05756,1.0
54828,20220825,300866,-0.05756,1.0
54829,20220825,688556,-0.072683,1.0
54830,20220825,688556,-0.072683,1.0
54831,20220825,688378,-0.074344,0.0
54832,20220825,301095,-0.080672,0.0
54833,20220825,688041,-0.092224,1.0
54834,20220826,688560,0.141361,1.0
54835,20220826,300873,0.10042,0.0
54836,20220826,300873,0.10042,0.0
54837,20220826,300993,0.080778,1.0
54838,20220826,688348,0.076137,1.0
54839,20220826,688231,0.070462,1.0
54840,20220826,688037,0.064087,1.0
54841,20220826,688037,0.064087,1.0
54842,20220826,688212,0.063586,1.0
54843,20220826,688212,0.063586,1.0
54844,20220826,688080,0.058607,1.0
54845,20220826,688063,0.058143,0.0
54846,20220826,688063,0.058143,1.0
54847,20220826,688255,0.045893,1.0
54848,20220826,688123,0.044709,1.0
54849,20220826,300057,0.043519,1.0
54850,20220826,688599,0.043232,0.0
54851,20220826,688599,0.043232,1.0
54852,20220826,688599,0.043232,1.0
54853,20220826,688599,0.043232,1.0
54854,20220826,688516,0.042563,0.0
54855,20220826,300475,0.039963,1.0
54856,20220826,300529,0.039938,1.0
54857,20220826,300529,0.039938,1.0
54858,20220826,300529,0.039938,1.0
54859,20220826,300870,0.035512,1.0
54860,20220826,688276,0.034894,1.0
54861,20220826,300041,0.034316,1.0
54862,20220826,300910,0.034002,1.0
54863,20220826,300034,0.032158,1.0
54864,20220826,300034,0.032158,1.0
54865,20220826,688733,0.031613,0.0
54866,20220826,688733,0.031613,1.0
54867,20220826,300179,0.03137,1.0
54868,20220826,300179,0.03137,1.0
54869,20220826,301269,0.029349,0.0
54870,20220826,301269,0.029349,0.0
54871,20220826,688287,0.027387,0.0
54872,20220826,688287,0.027387,0.0
54873,20220826,300094,0.02693,1.0
54874,20220826,688186,0.026409,1.0
54875,20220826,300012,0.025665,0.0
54876,20220826,300012,0.025665,0.0
54877,20220826,300012,0.025665,0.0
54878,20220826,300724,0.02498,1.0
54879,20220826,688378,0.023307,1.0
54880,20220826,688028,0.020126,1.0
54881,20220826,300679,0.018693,1.0
54882,20220826,300679,0.018693,1.0
54883,20220826,688383,0.016383,1.0
54884,20220826,688167,0.0141,1.0
54885,20220826,688167,0.0141,1.0
54886,20220826,688167,0.0141,1.0
54887,20220826,688167,0.0141,1.0
54888,20220826,300776,0.013825,1.0
54889,20220826,301195,0.011034,1.0
54890,20220826,300065,0.010676,1.0
54891,20220826,301090,0.010248,1.0
54892,20220826,688105,0.010086,0.0
54893,20220826,688105,0.010086,0.0
54894,20220826,688105,0.010086,0.0
54895,20220826,688105,0.010086,0.0
54896,20220826,688105,0.010086,0.0
54897,20220826,688105,0.010086,0.0
54898,20220826,688105,0.010086,0.0
54899,20220826,688105,0.010086,0.0
54900,20220826,688105,0.010086,0.0
54901,20220826,688105,0.010086,0.0
54902,20220826,688106,0.009786,1.0
54903,20220826,688106,0.009786,1.0
54904,20220826,300552,0.009629,1.0
54905,20220826,688499,0.00923,1.0
54906,20220826,300502,0.008842,1.0
54907,20220826,688039,0.008281,0.0
54908,20220826,300824,0.007944,1.0
54909,20220826,300824,0.007944,1.0
54910,20220826,300751,0.007471,1.0
54911,20220826,300751,0.007471,1.0
54912,20220826,300751,0.007471,1.0
54913,20220826,300751,0.007471,1.0
54914,20220826,300751,0.007471,1.0
54915,20220826,300633,0.007173,1.0
54916,20220826,688389,0.006619,1.0
54917,20220826,300014,0.00612,1.0
54918,20220826,300014,0.00612,1.0
54919,20220826,300014,0.00612,1.0
54920,20220826,300014,0.00612,1.0
54921,20220826,301091,0.005367,0.0
54922,20220826,688111,0.004932,0.0
54923,20220826,688111,0.004932,0.0
54924,20220826,688111,0.004932,0.0
54925,20220826,688111,0.004932,0.0
54926,20220826,688111,0.004932,0.0
54927,20220826,688166,0.004926,1.0
54928,20220826,688766,0.004668,1.0
54929,20220826,688133,0.003566,0.0
54930,20220826,688133,0.003566,0.0
54931,20220826,300769,0.003563,1.0
54932,20220826,300769,0.003563,1.0
54933,20220826,300769,0.003563,1.0
54934,20220826,688016,0.00233,0.0
54935,20220826,688016,0.00233,1.0
54936,20220826,688016,0.00233,1.0
54937,20220826,300888,0.000141,1.0
54938,20220826,300450,0.0,1.0
54939,20220826,300450,0.0,1.0
54940,20220826,300450,0.0,1.0
54941,20220826,300450,0.0,1.0
54942,20220826,301122,0.0,1.0
54943,20220826,688296,0.0,0.0
54944,20220826,688282,-0.000227,1.0
54945,20220826,301078,-0.000717,1.0
54946,20220826,300206,-0.00084,1.0
54947,20220826,300206,-0.00084,1.0
54948,20220826,301102,-0.00128,0.0
54949,20220826,301101,-0.001642,1.0
54950,20220826,300143,-0.001691,0.0
54951,20220826,688356,-0.002295,1.0
54952,20220826,688356,-0.002295,1.0
54953,20220826,688356,-0.002295,1.0
54954,20220826,300233,-0.002358,1.0
54955,20220826,300087,-0.002364,0.0
54956,20220826,688179,-0.002991,0.0
54957,20220826,688568,-0.003371,0.0
54958,20220826,688568,-0.003371,0.0
54959,20220826,300748,-0.003637,1.0
54960,20220826,300748,-0.003637,1.0
54961,20220826,300251,-0.004264,0.0
54962,20220826,688060,-0.005144,0.0
54963,20220826,688377,-0.005333,1.0
54964,20220826,688126,-0.00547,1.0
54965,20220826,300841,-0.005738,1.0
54966,20220826,688400,-0.006016,1.0
54967,20220826,300866,-0.00712,1.0
54968,20220826,300866,-0.00712,1.0
54969,20220826,300285,-0.007362,1.0
54970,20220826,300285,-0.007362,1.0
54971,20220826,300413,-0.007487,0.0
54972,20220826,300919,-0.007557,1.0
54973,20220826,301071,-0.007612,1.0
54974,20220826,688131,-0.007712,0.0
54975,20220826,688131,-0.007712,0.0
54976,20220826,688131,-0.007712,0.0
54977,20220826,688131,-0.007712,0.0
54978,20220826,688131,-0.007712,0.0
54979,20220826,688131,-0.007712,0.0
54980,20220826,300662,-0.007888,0.0
54981,20220826,300662,-0.007888,0.0
54982,20220826,300662,-0.007888,1.0
54983,20220826,300662,-0.007888,0.0
54984,20220826,300774,-0.007937,0.0
54985,20220826,300308,-0.008297,1.0
54986,20220826,300308,-0.008297,1.0
54987,20220826,300308,-0.008297,1.0
54988,20220826,688238,-0.008891,0.0
54989,20220826,688238,-0.008891,0.0
54990,20220826,688238,-0.008891,0.0
54991,20220826,688238,-0.008891,0.0
54992,20220826,688238,-0.008891,0.0
54993,20220826,300033,-0.009135,0.0
54994,20220826,300750,-0.009432,1.0
54995,20220826,300750,-0.009432,1.0
54996,20220826,300750,-0.009432,1.0
54997,20220826,300750,-0.009432,1.0
54998,20220826,301006,-0.010239,1.0
54999,20220826,300790,-0.010276,1.0
55000,20220826,300832,-0.010442,1.0
55001,20220826,300832,-0.010442,1.0
55002,20220826,300832,-0.010442,1.0
55003,20220826,300593,-0.010829,1.0
55004,20220826,300593,-0.010829,1.0
55005,20220826,300593,-0.010829,1.0
55006,20220826,300593,-0.010829,1.0
55007,20220826,688330,-0.01096,1.0
55008,20220826,300075,-0.01211,0.0
55009,20220826,300496,-0.012158,0.0
55010,20220826,300496,-0.012158,1.0
55011,20220826,300496,-0.012158,0.0
55012,20220826,300496,-0.012158,1.0
55013,20220826,301029,-0.012429,1.0
55014,20220826,300623,-0.012599,1.0
55015,20220826,300009,-0.012685,1.0
55016,20220826,300009,-0.012685,1.0
55017,20220826,688088,-0.013499,0.0
55018,20220826,688088,-0.013499,0.0
55019,20220826,300357,-0.014177,1.0
55020,20220826,300357,-0.014177,1.0
55021,20220826,300661,-0.015547,1.0
55022,20220826,300661,-0.015547,1.0
55023,20220826,300661,-0.015547,1.0
55024,20220826,300661,-0.015547,1.0
55025,20220826,300760,-0.016538,1.0
55026,20220826,300835,-0.018052,1.0
55027,20220826,688558,-0.01849,1.0
55028,20220826,300083,-0.018779,1.0
55029,20220826,688200,-0.019802,1.0
55030,20220826,300896,-0.021145,1.0
55031,20220826,300896,-0.021145,1.0
55032,20220826,688041,-0.022112,1.0
55033,20220826,300394,-0.022601,1.0
55034,20220826,688677,-0.024111,0.0
55035,20220826,688677,-0.024111,1.0
55036,20220826,688677,-0.024111,1.0
55037,20220826,688677,-0.024111,0.0
55038,20220826,301050,-0.025106,1.0
55039,20220826,300124,-0.025124,1.0
55040,20220826,300124,-0.025124,1.0
55041,20220826,688300,-0.025694,1.0
55042,20220826,301289,-0.025735,0.0
55043,20220826,688369,-0.025781,0.0
55044,20220826,300558,-0.026217,1.0
55045,20220826,300037,-0.026339,1.0
55046,20220826,688139,-0.02758,1.0
55047,20220826,688139,-0.02758,1.0
55048,20220826,688139,-0.02758,0.0
55049,20220826,688139,-0.02758,1.0
55050,20220826,688269,-0.027857,1.0
55051,20220826,300015,-0.028082,0.0
55052,20220826,300015,-0.028082,0.0
55053,20220826,300015,-0.028082,0.0
55054,20220826,300015,-0.028082,0.0
55055,20220826,300015,-0.028082,0.0
55056,20220826,300347,-0.029168,0.0
55057,20220826,300347,-0.029168,0.0
55058,20220826,688789,-0.029923,1.0
55059,20220826,300811,-0.03185,1.0
55060,20220826,300811,-0.03185,1.0
55061,20220826,300170,-0.032847,0.0
55062,20220826,300681,-0.034045,1.0
55063,20220826,300681,-0.034045,1.0
55064,20220826,688628,-0.035336,1.0
55065,20220826,300384,-0.036891,0.0
55066,20220826,688202,-0.039248,0.0
55067,20220826,688248,-0.045873,0.0
55068,20220826,688248,-0.045873,0.0
55069,20220826,300482,-0.046579,1.0
55070,20220826,300482,-0.046579,1.0
55071,20220826,300482,-0.046579,1.0
55072,20220826,300911,-0.059052,1.0
55073,20220826,300911,-0.059052,1.0
55074,20220826,300911,-0.059052,1.0
55075,20220826,300911,-0.059052,1.0
55076,20220826,688261,0.146604,1.0
55077,20220826,301268,0.075276,1.0
55078,20220826,300217,0.063408,1.0
55079,20220826,688599,0.043232,1.0
55080,20220826,301030,0.036252,1.0
55081,20220826,688062,0.030573,1.0
55082,20220826,688207,0.022861,1.0
55083,20220826,300776,0.013825,1.0
55084,20220826,688105,0.010086,0.0
55085,20220826,300014,0.00612,1.0
55086,20220826,300850,0.004597,1.0
55087,20220826,300007,0.004228,1.0
55088,20220826,300007,0.004228,1.0
55089,20220826,300769,0.003563,1.0
55090,20220826,300450,0.0,1.0
55091,20220826,300748,-0.003637,1.0
55092,20220826,688131,-0.007712,0.0
55093,20220826,300687,-0.007739,0.0
55094,20220826,300750,-0.009432,1.0
55095,20220826,300015,-0.028082,0.0
55096,20220826,300811,-0.03185,1.0
55097,20220826,300286,-0.045832,1.0
55098,20220826,688072,0.2,1.0
55099,20220826,688326,0.2,1.0
55100,20220826,688326,0.2,1.0
55101,20220826,688326,0.2,1.0
55102,20220826,688326,0.2,1.0
55103,20220826,688261,0.146604,1.0
55104,20220826,688601,0.107414,1.0
55105,20220826,301073,0.098706,1.0
55106,20220826,301073,0.098706,1.0
55107,20220826,301073,0.098706,1.0
55108,20220826,300569,0.094977,1.0
55109,20220826,300569,0.094977,1.0
55110,20220826,688223,0.09479,1.0
55111,20220826,300861,0.087698,1.0
55112,20220826,300861,0.087698,1.0
55113,20220826,301168,0.086982,1.0
55114,20220826,688187,0.082096,1.0
55115,20220826,688187,0.082096,1.0
55116,20220826,688187,0.082096,1.0
55117,20220826,301268,0.075276,1.0
55118,20220826,688231,0.070462,1.0
55119,20220826,300616,0.069238,1.0
55120,20220826,688557,0.065934,1.0
55121,20220826,688557,0.065934,0.0
55122,20220826,300602,0.065021,1.0
55123,20220826,688037,0.064087,1.0
55124,20220826,688037,0.064087,1.0
55125,20220826,688037,0.064087,1.0
55126,20220826,300567,0.050329,1.0
55127,20220826,688786,0.043713,1.0
55128,20220826,688786,0.043713,0.0
55129,20220826,688599,0.043232,1.0
55130,20220826,300316,0.042257,1.0
55131,20220826,300351,0.041954,1.0
55132,20220826,300454,0.040126,0.0
55133,20220826,300454,0.040126,1.0
55134,20220826,300454,0.040126,0.0
55135,20220826,300529,0.039938,1.0
55136,20220826,688556,0.039626,0.0
55137,20220826,300129,0.035847,1.0
55138,20220826,688276,0.034894,0.0
55139,20220826,300762,0.033383,1.0
55140,20220826,300994,0.032971,1.0
55141,20220826,688299,0.031932,1.0
55142,20220826,300674,0.031834,0.0
55143,20220826,300674,0.031834,0.0
55144,20220826,300012,0.025665,0.0
55145,20220826,300700,0.023645,1.0
55146,20220826,688320,0.023244,1.0
55147,20220826,300858,0.018011,1.0
55148,20220826,688383,0.016383,1.0
55149,20220826,688383,0.016383,1.0
55150,20220826,688167,0.0141,1.0
55151,20220826,688167,0.0141,1.0
55152,20220826,300990,0.012082,1.0
55153,20220826,688698,0.011231,1.0
55154,20220826,688105,0.010086,0.0
55155,20220826,688105,0.010086,0.0
55156,20220826,688105,0.010086,0.0
55157,20220826,300757,0.009151,1.0
55158,20220826,300502,0.008842,1.0
55159,20220826,300502,0.008842,1.0
55160,20220826,300054,0.007799,1.0
55161,20220826,300751,0.007471,1.0
55162,20220826,300751,0.007471,1.0
55163,20220826,300751,0.007471,1.0
55164,20220826,300751,0.007471,1.0
55165,20220826,300014,0.00612,1.0
55166,20220826,300955,0.005702,1.0
55167,20220826,300144,0.005503,0.0
55168,20220826,300144,0.005503,0.0
55169,20220826,300144,0.005503,0.0
55170,20220826,688766,0.004668,1.0
55171,20220826,300850,0.004597,1.0
55172,20220826,300007,0.004228,1.0
55173,20220826,300274,0.003798,1.0
55174,20220826,688133,0.003566,0.0
55175,20220826,300769,0.003563,1.0
55176,20220826,300648,0.003473,1.0
55177,20220826,688686,0.001675,1.0
55178,20220826,300450,0.0,1.0
55179,20220826,300450,0.0,1.0
55180,20220826,300450,0.0,1.0
55181,20220826,301122,0.0,1.0
55182,20220826,688296,0.0,0.0
55183,20220826,688107,-0.000635,1.0
55184,20220826,300244,-0.000656,0.0
55185,20220826,300408,-0.001387,1.0
55186,20220826,688356,-0.002295,1.0
55187,20220826,300087,-0.002364,0.0
55188,20220826,688568,-0.003371,0.0
55189,20220826,300748,-0.003637,1.0
55190,20220826,688488,-0.004505,1.0
55191,20220826,688400,-0.006016,1.0
55192,20220826,688262,-0.006706,0.0
55193,20220826,688131,-0.007712,0.0
55194,20220826,688131,-0.007712,0.0
55195,20220826,300687,-0.007739,0.0
55196,20220826,300662,-0.007888,1.0
55197,20220826,300218,-0.008278,1.0
55198,20220826,300308,-0.008297,1.0
55199,20220826,300308,-0.008297,1.0
55200,20220826,688023,-0.008352,0.0
55201,20220826,688023,-0.008352,0.0
55202,20220826,688238,-0.008891,0.0
55203,20220826,300750,-0.009432,1.0
55204,20220826,300628,-0.010158,1.0
55205,20220826,300832,-0.010442,1.0
55206,20220826,300832,-0.010442,1.0
55207,20220826,300593,-0.010829,1.0
55208,20220826,300593,-0.010829,1.0
55209,20220826,688235,-0.011217,1.0
55210,20220826,300496,-0.012158,1.0
55211,20220826,301029,-0.012429,1.0
55212,20220826,301029,-0.012429,1.0
55213,20220826,300357,-0.014177,1.0
55214,20220826,300357,-0.014177,1.0
55215,20220826,300113,-0.015249,0.0
55216,20220826,688052,-0.015625,0.0
55217,20220826,300760,-0.016538,1.0
55218,20220826,688707,-0.017106,1.0
55219,20220826,300083,-0.018779,1.0
55220,20220826,300119,-0.018868,1.0
55221,20220826,688200,-0.019802,1.0
55222,20220826,300896,-0.021145,1.0
55223,20220826,300896,-0.021145,1.0
55224,20220826,300896,-0.021145,1.0
55225,20220826,300767,-0.021624,1.0
55226,20220826,688798,-0.021921,1.0
55227,20220826,688798,-0.021921,1.0
55228,20220826,301050,-0.025106,1.0
55229,20220826,300124,-0.025124,1.0
55230,20220826,300275,-0.025442,0.0
55231,20220826,301289,-0.025735,0.0
55232,20220826,300347,-0.029168,0.0
55233,20220826,300811,-0.03185,1.0
55234,20220826,300811,-0.03185,1.0
55235,20220826,300811,-0.03185,1.0
55236,20220826,300207,-0.032493,1.0
55237,20220826,688598,-0.033396,1.0
55238,20220826,300031,-0.033657,0.0
55239,20220826,300390,-0.03378,1.0
55240,20220826,300681,-0.034045,1.0
55241,20220826,300747,-0.03537,1.0
55242,20220826,300520,-0.041348,0.0
55243,20220826,300911,-0.059052,1.0
55244,20220826,300911,-0.059052,1.0
55245,20220826,300911,-0.059052,1.0
55246,20220826,300268,-0.085771,1.0
55247,20220829,300792,0.077429,1.0
55248,20220829,300792,0.077429,1.0
55249,20220829,300792,0.077429,1.0
55250,20220829,300792,0.077429,0.0
55251,20220829,688111,0.067239,0.0
55252,20220829,688111,0.067239,0.0
55253,20220829,300782,0.047898,1.0
55254,20220829,688296,0.04569,0.0
55255,20220829,300770,0.044192,0.0
55256,20220829,300770,0.044192,0.0
55257,20220829,300770,0.044192,0.0
55258,20220829,301009,0.040033,1.0
55259,20220829,301009,0.040033,1.0
55260,20220829,301035,0.03013,1.0
55261,20220829,300788,0.029182,0.0
55262,20220829,300790,0.028962,1.0
55263,20220829,688261,0.026393,1.0
55264,20220829,688133,0.023831,0.0
55265,20220829,688707,0.02248,1.0
55266,20220829,688356,0.021159,1.0
55267,20220829,688326,0.019569,0.0
55268,20220829,688326,0.019569,1.0
55269,20220829,688326,0.019569,1.0
55270,20220829,688072,0.01925,1.0
55271,20220829,688072,0.01925,1.0
55272,20220829,300450,0.018599,1.0
55273,20220829,300450,0.018599,1.0
55274,20220829,300450,0.018599,1.0
55275,20220829,300601,0.018204,1.0
55276,20220829,300674,0.018109,1.0
55277,20220829,300674,0.018109,1.0
55278,20220829,300674,0.018109,0.0
55279,20220829,300824,0.017734,1.0
55280,20220829,688636,0.016974,1.0
55281,20220829,688636,0.016974,1.0
55282,20220829,300346,0.016338,1.0
55283,20220829,300033,0.016254,0.0
55284,20220829,688287,0.015994,0.0
55285,20220829,688287,0.015994,0.0
55286,20220829,688105,0.015549,0.0
55287,20220829,300616,0.015211,1.0
55288,20220829,300454,0.014991,0.0
55289,20220829,300454,0.014991,0.0
55290,20220829,300454,0.014991,0.0
55291,20220829,300454,0.014991,0.0
55292,20220829,300454,0.014991,0.0
55293,20220829,300454,0.014991,0.0
55294,20220829,300454,0.014991,0.0
55295,20220829,300873,0.012911,0.0
55296,20220829,300223,0.012783,1.0
55297,20220829,300223,0.012783,1.0
55298,20220829,300223,0.012783,1.0
55299,20220829,300738,0.012766,0.0
55300,20220829,301073,0.011777,1.0
55301,20220829,301073,0.011777,1.0
55302,20220829,301073,0.011777,1.0
55303,20220829,301073,0.011777,1.0
55304,20220829,301117,0.011311,0.0
55305,20220829,300268,0.009818,1.0
55306,20220829,301102,0.009612,0.0
55307,20220829,300015,0.009514,0.0
55308,20220829,688366,0.009174,1.0
55309,20220829,688366,0.009174,0.0
55310,20220829,300182,0.009042,0.0
55311,20220829,688798,0.009019,1.0
55312,20220829,300833,0.008781,1.0
55313,20220829,688223,0.008028,1.0
55314,20220829,688223,0.008028,1.0
55315,20220829,688223,0.008028,1.0
55316,20220829,688223,0.008028,1.0
55317,20220829,300624,0.007828,0.0
55318,20220829,300709,0.006564,1.0
55319,20220829,301078,0.005739,1.0
55320,20220829,688789,0.005672,1.0
55321,20220829,300353,0.00558,1.0
55322,20220829,688388,0.005298,1.0
55323,20220829,300628,0.004561,1.0
55324,20220829,300628,0.004561,1.0
55325,20220829,300628,0.004561,1.0
55326,20220829,300628,0.004561,1.0
55327,20220829,300628,0.004561,1.0
55328,20220829,300628,0.004561,1.0
55329,20220829,300628,0.004561,1.0
55330,20220829,300037,0.004393,1.0
55331,20220829,688063,0.00425,0.0
55332,20220829,688063,0.00425,1.0
55333,20220829,301055,0.003778,1.0
55334,20220829,688022,0.003657,1.0
55335,20220829,688022,0.003657,1.0
55336,20220829,300470,0.003634,1.0
55337,20220829,688234,0.003542,1.0
55338,20220829,300347,0.00324,0.0
55339,20220829,300316,0.002994,1.0
55340,20220829,300316,0.002994,1.0
55341,20220829,300316,0.002994,1.0
55342,20220829,301302,0.002401,0.0
55343,20220829,300129,0.002387,1.0
55344,20220829,300308,0.002343,1.0
55345,20220829,300363,0.002036,1.0
55346,20220829,300957,0.00107,1.0
55347,20220829,300957,0.00107,1.0
55348,20220829,300957,0.00107,1.0
55349,20220829,300957,0.00107,1.0
55350,20220829,300957,0.00107,1.0
55351,20220829,300957,0.00107,1.0
55352,20220829,300957,0.00107,1.0
55353,20220829,300957,0.00107,1.0
55354,20220829,300957,0.00107,1.0
55355,20220829,300957,0.00107,1.0
55356,20220829,300957,0.00107,1.0
55357,20220829,300957,0.00107,1.0
55358,20220829,300957,0.00107,1.0
55359,20220829,300957,0.00107,1.0
55360,20220829,300957,0.00107,1.0
55361,20220829,688131,0.001054,0.0
55362,20220829,688131,0.001054,0.0
55363,20220829,300253,0.0,0.0
55364,20220829,300358,0.0,1.0
55365,20220829,688276,0.0,1.0
55366,20220829,688225,-0.000519,0.0
55367,20220829,688225,-0.000519,0.0
55368,20220829,300748,-0.000782,1.0
55369,20220829,300748,-0.000782,1.0
55370,20220829,300748,-0.000782,1.0
55371,20220829,688037,-0.000843,1.0
55372,20220829,688037,-0.000843,1.0
55373,20220829,688037,-0.000843,1.0
55374,20220829,300863,-0.001344,1.0
55375,20220829,300772,-0.001652,1.0
55376,20220829,300772,-0.001652,1.0
55377,20220829,300357,-0.00177,1.0
55378,20220829,688520,-0.001796,1.0
55379,20220829,300369,-0.002094,0.0
55380,20220829,300369,-0.002094,0.0
55381,20220829,300369,-0.002094,0.0
55382,20220829,688599,-0.002174,1.0
55383,20220829,300398,-0.002399,1.0
55384,20220829,688777,-0.002749,0.0
55385,20220829,300443,-0.003342,1.0
55386,20220829,300951,-0.003364,1.0
55387,20220829,688212,-0.003786,1.0
55388,20220829,688212,-0.003786,1.0
55389,20220829,300577,-0.00436,1.0
55390,20220829,300577,-0.00436,1.0
55391,20220829,688187,-0.004676,1.0
55392,20220829,688187,-0.004676,1.0
55393,20220829,688187,-0.004676,1.0
55394,20220829,300233,-0.004728,1.0
55395,20220829,300065,-0.005282,1.0
55396,20220829,300751,-0.00612,1.0
55397,20220829,300751,-0.00612,1.0
55398,20220829,688279,-0.006268,0.0
55399,20220829,688106,-0.006608,1.0
55400,20220829,688107,-0.006676,1.0
55401,20220829,300761,-0.006693,0.0
55402,20220829,300761,-0.006693,0.0
55403,20220829,688198,-0.006877,0.0
55404,20220829,300244,-0.006897,0.0
55405,20220829,300687,-0.006979,0.0
55406,20220829,301029,-0.007167,1.0
55407,20220829,300005,-0.00722,1.0
55408,20220829,688370,-0.007477,0.0
55409,20220829,300776,-0.007591,1.0
55410,20220829,688568,-0.007647,0.0
55411,20220829,688568,-0.007647,0.0
55412,20220829,688568,-0.007647,0.0
55413,20220829,688206,-0.007846,0.0
55414,20220829,300911,-0.008243,1.0
55415,20220829,300395,-0.008697,1.0
55416,20220829,300811,-0.008773,1.0
55417,20220829,300811,-0.008773,1.0
55418,20220829,300977,-0.008975,0.0
55419,20220829,300143,-0.009314,0.0
55420,20220829,300143,-0.009314,0.0
55421,20220829,300124,-0.010173,1.0
55422,20220829,300733,-0.01087,1.0
55423,20220829,688088,-0.010877,0.0
55424,20220829,688088,-0.010877,0.0
55425,20220829,301123,-0.011498,1.0
55426,20220829,688028,-0.012092,1.0
55427,20220829,300769,-0.012781,1.0
55428,20220829,300769,-0.012781,1.0
55429,20220829,300769,-0.012781,1.0
55430,20220829,300014,-0.013442,1.0
55431,20220829,300014,-0.013442,1.0
55432,20220829,300014,-0.013442,1.0
55433,20220829,688036,-0.014017,1.0
55434,20220829,300938,-0.016074,0.0
55435,20220829,688052,-0.016306,1.0
55436,20220829,688052,-0.016306,0.0
55437,20220829,688052,-0.016306,0.0
55438,20220829,688052,-0.016306,0.0
55439,20220829,300144,-0.016419,0.0
55440,20220829,300144,-0.016419,0.0
55441,20220829,300144,-0.016419,0.0
55442,20220829,300144,-0.016419,0.0
55443,20220829,300144,-0.016419,0.0
55444,20220829,300144,-0.016419,0.0
55445,20220829,301050,-0.016522,1.0
55446,20220829,300820,-0.017247,1.0
55447,20220829,688383,-0.018936,1.0
55448,20220829,688369,-0.019727,0.0
55449,20220829,300994,-0.020241,1.0
55450,20220829,300994,-0.020241,1.0
55451,20220829,300994,-0.020241,1.0
55452,20220829,301021,-0.020294,1.0
55453,20220829,300928,-0.020434,0.0
55454,20220829,301155,-0.020602,1.0
55455,20220829,300750,-0.020916,1.0
55456,20220829,300750,-0.020916,1.0
55457,20220829,300750,-0.020916,1.0
55458,20220829,688601,-0.021146,1.0
55459,20220829,300747,-0.022,1.0
55460,20220829,688077,-0.02244,1.0
55461,20220829,688077,-0.02244,1.0
55462,20220829,300894,-0.02408,1.0
55463,20220829,300894,-0.02408,1.0
55464,20220829,300894,-0.02408,1.0
55465,20220829,688087,-0.026033,1.0
55466,20220829,688580,-0.02648,0.0
55467,20220829,688580,-0.02648,0.0
55468,20220829,688598,-0.027588,1.0
55469,20220829,688598,-0.027588,1.0
55470,20220829,688598,-0.027588,1.0
55471,20220829,688598,-0.027588,1.0
55472,20220829,300993,-0.027682,1.0
55473,20220829,300993,-0.027682,1.0
55474,20220829,300791,-0.027769,1.0
55475,20220829,688305,-0.031165,1.0
55476,20220829,300351,-0.03144,1.0
55477,20220829,300973,-0.032053,1.0
55478,20220829,300973,-0.032053,1.0
55479,20220829,300973,-0.032053,1.0
55480,20220829,300973,-0.032053,1.0
55481,20220829,300973,-0.032053,1.0
55482,20220829,300973,-0.032053,1.0
55483,20220829,688080,-0.033488,1.0
55484,20220829,301239,-0.035541,0.0
55485,20220829,688301,-0.036072,0.0
55486,20220829,300718,-0.036169,1.0
55487,20220829,300274,-0.036852,1.0
55488,20220829,300274,-0.036852,1.0
55489,20220829,300274,-0.036852,1.0
55490,20220829,300274,-0.036852,1.0
55491,20220829,300274,-0.036852,1.0
55492,20220829,300274,-0.036852,1.0
55493,20220829,300274,-0.036852,1.0
55494,20220829,300274,-0.036852,1.0
55495,20220829,688167,-0.037433,1.0
55496,20220829,300757,-0.038974,1.0
55497,20220829,688162,-0.040053,1.0
55498,20220829,688162,-0.040053,1.0
55499,20220829,688162,-0.040053,1.0
55500,20220829,300767,-0.041674,1.0
55501,20220829,300767,-0.041674,0.0
55502,20220829,300767,-0.041674,1.0
55503,20220829,300861,-0.042553,1.0
55504,20220829,300861,-0.042553,1.0
55505,20220829,300861,-0.042553,1.0
55506,20220829,300861,-0.042553,1.0
55507,20220829,300861,-0.042553,1.0
55508,20220829,301177,-0.045975,1.0
55509,20220829,301177,-0.045975,1.0
55510,20220829,300850,-0.047803,1.0
55511,20220829,300850,-0.047803,1.0
55512,20220829,300217,-0.054658,1.0
55513,20220829,300131,-0.057489,1.0
55514,20220829,300382,-0.059436,1.0
55515,20220829,688311,-0.0624,0.0
55516,20220829,301162,-0.06546,0.0
55517,20220829,301162,-0.06546,0.0
55518,20220829,688819,-0.070068,0.0
55519,20220830,300347,0.060384,1.0
55520,20220830,300347,0.060384,1.0
55521,20220830,688161,0.057031,1.0
55522,20220830,301080,0.052143,0.0
55523,20220830,301080,0.052143,0.0
55524,20220830,301080,0.052143,0.0
55525,20220830,301080,0.052143,0.0
55526,20220830,300782,0.05212,1.0
55527,20220830,300894,0.049692,1.0
55528,20220830,300894,0.049692,1.0
55529,20220830,300894,0.049692,1.0
55530,20220830,300788,0.042532,1.0
55531,20220830,300494,0.033943,0.0
55532,20220830,300760,0.032872,1.0
55533,20220830,300973,0.031502,1.0
55534,20220830,300973,0.031502,1.0
55535,20220830,301269,0.030596,0.0
55536,20220830,300122,0.029557,1.0
55537,20220830,300122,0.029557,1.0
55538,20220830,300122,0.029557,1.0
55539,20220830,300122,0.029557,1.0
55540,20220830,300122,0.029557,1.0
55541,20220830,300122,0.029557,1.0
55542,20220830,300122,0.029557,1.0
55543,20220830,300015,0.026876,0.0
55544,20220830,300357,0.025709,1.0
55545,20220830,300759,0.024078,0.0
55546,20220830,300759,0.024078,1.0
55547,20220830,300871,0.021883,1.0
55548,20220830,300871,0.021883,1.0
55549,20220830,300871,0.021883,1.0
55550,20220830,300634,0.02027,1.0
55551,20220830,300379,0.020078,1.0
55552,20220830,300737,0.019841,1.0
55553,20220830,688169,0.019788,1.0
55554,20220830,688169,0.019788,1.0
55555,20220830,688169,0.019788,1.0
55556,20220830,688169,0.019788,1.0
55557,20220830,688169,0.019788,1.0
55558,20220830,300911,0.0153,1.0
55559,20220830,300181,0.015086,1.0
55560,20220830,300628,0.014188,1.0
55561,20220830,688270,0.013591,1.0
55562,20220830,300595,0.012811,1.0
55563,20220830,300896,0.0127,1.0
55564,20220830,688319,0.011571,1.0
55565,20220830,688105,0.010676,0.0
55566,20220830,688105,0.010676,0.0
55567,20220830,688105,0.010676,0.0
55568,20220830,688617,0.009989,0.0
55569,20220830,300144,0.008744,0.0
55570,20220830,300144,0.008744,0.0
55571,20220830,300144,0.008744,0.0
55572,20220830,300260,0.007124,1.0
55573,20220830,300358,0.006687,1.0
55574,20220830,300358,0.006687,1.0
55575,20220830,688276,0.005428,1.0
55576,20220830,300369,0.004197,0.0
55577,20220830,300369,0.004197,1.0
55578,20220830,300369,0.004197,1.0
55579,20220830,301073,0.003824,1.0
55580,20220830,300770,0.003717,1.0
55581,20220830,688268,0.00171,0.0
55582,20220830,688268,0.00171,0.0
55583,20220830,301308,0.001362,1.0
55584,20220830,300188,0.000818,0.0
55585,20220830,688301,0.000295,1.0
55586,20220830,300101,0.0,1.0
55587,20220830,300171,0.0,1.0
55588,20220830,300171,0.0,1.0
55589,20220830,688179,-0.00025,0.0
55590,20220830,300674,-0.000659,0.0
55591,20220830,300674,-0.000659,0.0
55592,20220830,300755,-0.002157,1.0
55593,20220830,688777,-0.002256,0.0
55594,20220830,688777,-0.002256,0.0
55595,20220830,688777,-0.002256,0.0
55596,20220830,300616,-0.002568,1.0
55597,20220830,300454,-0.002582,0.0
55598,20220830,300454,-0.002582,0.0
55599,20220830,301235,-0.004288,0.0
55600,20220830,300957,-0.005342,1.0
55601,20220830,300957,-0.005342,1.0
55602,20220830,300957,-0.005342,1.0
55603,20220830,300957,-0.005342,1.0
55604,20220830,300957,-0.005342,1.0
55605,20220830,688053,-0.007497,0.0
55606,20220830,300253,-0.00979,1.0
55607,20220830,300824,-0.011617,1.0
55608,20220830,300408,-0.01167,1.0
55609,20220830,300636,-0.014981,0.0
55610,20220830,688553,-0.01508,1.0
55611,20220830,688139,-0.0157,1.0
55612,20220830,300451,-0.0162,0.0
55613,20220830,688363,-0.016365,1.0
55614,20220830,688363,-0.016365,1.0
55615,20220830,688363,-0.016365,1.0
55616,20220830,688363,-0.016365,1.0
55617,20220830,688363,-0.016365,1.0
55618,20220830,688363,-0.016365,0.0
55619,20220830,688363,-0.016365,1.0
55620,20220830,688363,-0.016365,1.0
55621,20220830,688363,-0.016365,1.0
55622,20220830,688281,-0.016459,1.0
55623,20220830,688580,-0.0178,1.0
55624,20220830,300860,-0.017909,1.0
55625,20220830,300285,-0.018576,1.0
55626,20220830,688526,-0.01899,1.0
55627,20220830,688526,-0.01899,1.0
55628,20220830,688526,-0.01899,1.0
55629,20220830,300993,-0.019217,1.0
55630,20220830,300223,-0.019714,1.0
55631,20220830,300223,-0.019714,1.0
55632,20220830,688608,-0.020017,1.0
55633,20220830,300182,-0.021505,1.0
55634,20220830,688037,-0.021728,1.0
55635,20220830,301102,-0.023485,1.0
55636,20220830,300203,-0.023906,1.0
55637,20220830,300767,-0.024648,1.0
55638,20220830,300767,-0.024648,1.0
55639,20220830,301029,-0.024824,1.0
55640,20220830,300687,-0.025217,0.0
55641,20220830,300687,-0.025217,0.0
55642,20220830,300577,-0.025547,1.0
55643,20220830,300577,-0.025547,1.0
55644,20220830,688121,-0.02581,1.0
55645,20220830,300792,-0.026102,0.0
55646,20220830,300604,-0.026838,1.0
55647,20220830,300604,-0.026838,1.0
55648,20220830,300604,-0.026838,1.0
55649,20220830,300802,-0.026855,1.0
55650,20220830,688287,-0.026987,0.0
55651,20220830,688369,-0.027487,0.0
55652,20220830,300593,-0.028293,1.0
55653,20220830,300035,-0.02833,1.0
55654,20220830,301166,-0.029333,1.0
55655,20220830,688211,-0.029376,1.0
55656,20220830,688211,-0.029376,1.0
55657,20220830,300955,-0.029793,1.0
55658,20220830,300955,-0.029793,1.0
55659,20220830,300813,-0.030012,1.0
55660,20220830,300765,-0.03008,1.0
55661,20220830,688366,-0.031429,1.0
55662,20220830,300087,-0.031815,0.0
55663,20220830,300861,-0.031871,1.0
55664,20220830,300861,-0.031871,1.0
55665,20220830,688127,-0.032873,1.0
55666,20220830,300268,-0.033129,1.0
55667,20220830,300268,-0.033129,1.0
55668,20220830,688779,-0.033529,1.0
55669,20220830,301103,-0.034209,1.0
55670,20220830,688107,-0.035366,1.0
55671,20220830,300761,-0.035376,0.0
55672,20220830,688257,-0.035882,1.0
55673,20220830,300073,-0.037105,1.0
55674,20220830,300073,-0.037105,1.0
55675,20220830,301188,-0.038021,1.0
55676,20220830,300673,-0.038041,1.0
55677,20220830,300373,-0.039686,1.0
55678,20220830,688380,-0.039785,1.0
55679,20220830,301095,-0.040035,0.0
55680,20220830,301177,-0.040571,1.0
55681,20220830,301177,-0.040571,1.0
55682,20220830,301177,-0.040571,1.0
55683,20220830,301177,-0.040571,1.0
55684,20220830,301177,-0.040571,1.0
55685,20220830,300919,-0.041756,1.0
55686,20220830,300919,-0.041756,1.0
55687,20220830,301128,-0.041824,1.0
55688,20220830,688598,-0.04192,1.0
55689,20220830,688006,-0.042271,1.0
55690,20220830,688006,-0.042271,1.0
55691,20220830,688006,-0.042271,0.0
55692,20220830,688682,-0.043353,1.0
55693,20220830,688682,-0.043353,0.0
55694,20220830,688682,-0.043353,0.0
55695,20220830,688696,-0.043577,1.0
55696,20220830,688233,-0.044913,1.0
55697,20220830,300811,-0.047571,1.0
55698,20220830,300811,-0.047571,1.0
55699,20220830,300729,-0.048405,1.0
55700,20220830,300432,-0.048488,1.0
55701,20220830,688296,-0.04864,0.0
55702,20220830,688628,-0.048653,1.0
55703,20220830,300360,-0.049286,1.0
55704,20220830,688032,-0.050476,1.0
55705,20220830,688551,-0.051921,1.0
55706,20220830,300719,-0.05239,1.0
55707,20220830,688680,-0.054072,1.0
55708,20220830,688680,-0.054072,1.0
55709,20220830,300735,-0.054545,1.0
55710,20220830,300735,-0.054545,1.0
55711,20220830,301263,-0.054557,1.0
55712,20220830,300316,-0.054726,1.0
55713,20220830,300316,-0.054726,1.0
55714,20220830,300499,-0.054867,1.0
55715,20220830,300014,-0.055296,1.0
55716,20220830,300014,-0.055296,1.0
55717,20220830,301122,-0.055534,1.0
55718,20220830,688261,-0.056429,1.0
55719,20220830,688305,-0.056433,1.0
55720,20220830,300682,-0.057431,0.0
55721,20220830,300682,-0.057431,0.0
55722,20220830,300682,-0.057431,0.0
55723,20220830,300682,-0.057431,0.0
55724,20220830,300682,-0.057431,0.0
55725,20220830,300938,-0.060525,0.0
55726,20220830,301278,-0.060799,1.0
55727,20220830,301162,-0.061917,0.0
55728,20220830,301162,-0.061917,0.0
55729,20220830,300286,-0.062311,1.0
55730,20220830,300772,-0.064103,1.0
55731,20220830,300681,-0.066603,1.0
55732,20220830,688533,-0.066615,1.0
55733,20220830,688533,-0.066615,1.0
55734,20220830,688533,-0.066615,0.0
55735,20220830,688170,-0.066888,0.0
55736,20220830,300982,-0.067002,0.0
55737,20220830,300982,-0.067002,0.0
55738,20220830,688401,-0.0671,1.0
55739,20220830,688518,-0.074163,1.0
55740,20220830,688518,-0.074163,1.0
55741,20220830,688518,-0.074163,0.0
55742,20220830,688518,-0.074163,1.0
55743,20220830,688518,-0.074163,0.0
55744,20220830,688518,-0.074163,1.0
55745,20220830,300258,-0.075199,1.0
55746,20220830,301018,-0.078838,1.0
55747,20220830,301018,-0.078838,1.0
55748,20220830,301155,-0.080012,1.0
55749,20220830,300776,-0.080291,1.0
55750,20220830,688080,-0.082115,1.0
55751,20220830,300049,-0.08342,1.0
55752,20220830,300415,-0.084939,1.0
55753,20220830,300415,-0.084939,1.0
55754,20220830,688700,-0.086337,1.0
55755,20220830,688700,-0.086337,1.0
55756,20220830,300990,-0.087173,1.0
55757,20220830,688022,-0.095852,1.0
55758,20220830,300443,-0.096803,1.0
55759,20220830,688063,-0.096842,0.0
55760,20220830,688326,-0.097208,1.0
55761,20220830,688326,-0.097208,1.0
55762,20220830,688326,-0.097208,1.0
55763,20220830,300763,-0.105996,1.0
55764,20220830,300763,-0.105996,1.0
55765,20220830,300680,-0.118141,1.0
55766,20220830,300274,-0.124764,1.0
55767,20220830,300068,-0.193213,1.0
55768,20220830,688390,-0.2,1.0
55769,20220830,688390,-0.2,1.0
55770,20220831,688268,0.160483,1.0
55771,20220831,688268,0.160483,1.0
55772,20220831,300379,0.07053,0.0
55773,20220831,301004,0.069379,1.0
55774,20220831,301004,0.069379,1.0
55775,20220831,300693,0.065807,1.0
55776,20220831,688617,0.058377,1.0
55777,20220831,688111,0.058239,0.0
55778,20220831,688085,0.051127,1.0
55779,20220831,300122,0.049973,1.0
55780,20220831,300122,0.049973,1.0
55781,20220831,300122,0.049973,1.0
55782,20220831,300094,0.045126,1.0
55783,20220831,300673,0.044091,1.0
55784,20220831,300673,0.044091,1.0
55785,20220831,300673,0.044091,1.0
55786,20220831,301155,0.036751,1.0
55787,20220831,300873,0.036659,0.0
55788,20220831,300203,0.03139,1.0
55789,20220831,300203,0.03139,1.0
55790,20220831,688198,0.02987,1.0
55791,20220831,300003,0.029054,1.0
55792,20220831,688186,0.028659,1.0
55793,20220831,300573,0.028133,1.0
55794,20220831,300171,0.028077,1.0
55795,20220831,300454,0.027648,0.0
55796,20220831,300802,0.024084,1.0
55797,20220831,300119,0.023592,1.0
55798,20220831,300438,0.023171,1.0
55799,20220831,688599,0.0228,1.0
55800,20220831,300447,0.022444,1.0
55801,20220831,300447,0.022444,1.0
55802,20220831,688331,0.021053,1.0
55803,20220831,301061,0.020253,1.0
55804,20220831,688169,0.018061,1.0
55805,20220831,688169,0.018061,1.0
55806,20220831,300593,0.017936,1.0
55807,20220831,301067,0.017731,1.0
55808,20220831,688349,0.016863,0.0
55809,20220831,688349,0.016863,1.0
55810,20220831,688072,0.015915,1.0
55811,20220831,688072,0.015915,1.0
55812,20220831,688136,0.014066,1.0
55813,20220831,300630,0.012929,1.0
55814,20220831,300630,0.012929,1.0
55815,20220831,688333,0.012889,1.0
55816,20220831,688289,0.012569,1.0
55817,20220831,688045,0.011824,0.0
55818,20220831,300763,0.011795,1.0
55819,20220831,300763,0.011795,1.0
55820,20220831,300761,0.010696,0.0
55821,20220831,300967,0.009643,0.0
55822,20220831,688225,0.009454,0.0
55823,20220831,300647,0.009288,1.0
55824,20220831,688601,0.007098,0.0
55825,20220831,300513,0.006678,0.0
55826,20220831,688168,0.006297,0.0
55827,20220831,688733,0.00628,1.0
55828,20220831,300660,0.005423,1.0
55829,20220831,300075,0.004516,0.0
55830,20220831,301219,0.004339,1.0
55831,20220831,300274,0.003591,1.0
55832,20220831,300994,0.002905,1.0
55833,20220831,300994,0.002905,1.0
55834,20220831,688568,0.00258,0.0
55835,20220831,688276,0.001145,1.0
55836,20220831,688628,0.000787,0.0
55837,20220831,300955,0.000445,1.0
55838,20220831,300955,0.000445,1.0
55839,20220831,300680,0.00034,1.0
55840,20220831,300680,0.00034,1.0
55841,20220831,688093,0.0,1.0
55842,20220831,688212,0.0,1.0
55843,20220831,688092,-0.000397,1.0
55844,20220831,688508,-0.001128,0.0
55845,20220831,300687,-0.001272,0.0
55846,20220831,300687,-0.001272,0.0
55847,20220831,688180,-0.001324,1.0
55848,20220831,688180,-0.001324,1.0
55849,20220831,688700,-0.00198,0.0
55850,20220831,688265,-0.002115,0.0
55851,20220831,300691,-0.002121,1.0
55852,20220831,688269,-0.002299,1.0
55853,20220831,300118,-0.003086,1.0
55854,20220831,300984,-0.003689,1.0
55855,20220831,300415,-0.003828,1.0
55856,20220831,300682,-0.004062,0.0
55857,20220831,688056,-0.004068,1.0
55858,20220831,688580,-0.004072,0.0
55859,20220831,688076,-0.004159,1.0
55860,20220831,300014,-0.004211,1.0
55861,20220831,300894,-0.004244,1.0
55862,20220831,688779,-0.00426,1.0
55863,20220831,688779,-0.00426,1.0
55864,20220831,688618,-0.004341,1.0
55865,20220831,301221,-0.004515,0.0
55866,20220831,301080,-0.005155,0.0
55867,20220831,301080,-0.005155,0.0
55868,20220831,301080,-0.005155,0.0
55869,20220831,301080,-0.005155,0.0
55870,20220831,301080,-0.005155,0.0
55871,20220831,688682,-0.005595,0.0
55872,20220831,688339,-0.00562,0.0
55873,20220831,688162,-0.006177,1.0
55874,20220831,688259,-0.006444,0.0
55875,20220831,300655,-0.006936,1.0
55876,20220831,300369,-0.008359,0.0
55877,20220831,300007,-0.008884,1.0
55878,20220831,688213,-0.009436,1.0
55879,20220831,300577,-0.010487,1.0
55880,20220831,301263,-0.01082,1.0
55881,20220831,300957,-0.011708,1.0
55882,20220831,300957,-0.011708,1.0
55883,20220831,300957,-0.011708,1.0
55884,20220831,300957,-0.011708,1.0
55885,20220831,300957,-0.011708,1.0
55886,20220831,300015,-0.011897,0.0
55887,20220831,300919,-0.012206,1.0
55888,20220831,300627,-0.012666,1.0
55889,20220831,300408,-0.012915,1.0
55890,20220831,300408,-0.012915,1.0
55891,20220831,300408,-0.012915,1.0
55892,20220831,300073,-0.013481,1.0
55893,20220831,300073,-0.013481,1.0
55894,20220831,300073,-0.013481,1.0
55895,20220831,688798,-0.01399,1.0
55896,20220831,300748,-0.014797,1.0
55897,20220831,300571,-0.015372,0.0
55898,20220831,301266,-0.015671,1.0
55899,20220831,300788,-0.018941,0.0
55900,20220831,300982,-0.019549,0.0
55901,20220831,300982,-0.019549,0.0
55902,20220831,300196,-0.020063,1.0
55903,20220831,300035,-0.020447,1.0
55904,20220831,688201,-0.020465,0.0
55905,20220831,688201,-0.020465,0.0
55906,20220831,300770,-0.020513,0.0
55907,20220831,300860,-0.021439,0.0
55908,20220831,688363,-0.021601,1.0
55909,20220831,688363,-0.021601,1.0
55910,20220831,688363,-0.021601,1.0
55911,20220831,688363,-0.021601,1.0
55912,20220831,688363,-0.021601,0.0
55913,20220831,300657,-0.02187,1.0
55914,20220831,688257,-0.022044,1.0
55915,20220831,688053,-0.024795,0.0
55916,20220831,688190,-0.024914,1.0
55917,20220831,688190,-0.024914,0.0
55918,20220831,688059,-0.025575,0.0
55919,20220831,688059,-0.025575,1.0
55920,20220831,300879,-0.025797,1.0
55921,20220831,300058,-0.026362,0.0
55922,20220831,300058,-0.026362,0.0
55923,20220831,688210,-0.02664,1.0
55924,20220831,688777,-0.026878,0.0
55925,20220831,688777,-0.026878,0.0
55926,20220831,688777,-0.026878,0.0
55927,20220831,688777,-0.026878,0.0
55928,20220831,688777,-0.026878,0.0
55929,20220831,688777,-0.026878,0.0
55930,20220831,688777,-0.026878,0.0
55931,20220831,688777,-0.026878,0.0
55932,20220831,688005,-0.031567,1.0
55933,20220831,300496,-0.032203,1.0
55934,20220831,300496,-0.032203,1.0
55935,20220831,300973,-0.032464,1.0
55936,20220831,300973,-0.032464,1.0
55937,20220831,300759,-0.033064,0.0
55938,20220831,300759,-0.033064,0.0
55939,20220831,688676,-0.039417,1.0
55940,20220831,300144,-0.040977,0.0
55941,20220831,688006,-0.044781,1.0
55942,20220831,688006,-0.044781,1.0
55943,20220831,688375,-0.045142,0.0
55944,20220831,300990,-0.046091,1.0
55945,20220831,300382,-0.058997,1.0
55946,20220831,300666,-0.059328,1.0
55947,20220831,300666,-0.059328,1.0
55948,20220831,688518,-0.06124,1.0
55949,20220831,688071,-0.066212,0.0
55950,20220831,301073,-0.071724,1.0
55951,20220901,688326,0.092593,1.0
55952,20220901,688326,0.092593,1.0
55953,20220901,688157,0.0695,1.0
55954,20220901,688333,0.054612,1.0
55955,20220901,688557,0.053992,1.0
55956,20220901,688568,0.049046,0.0
55957,20220901,300415,0.045149,1.0
55958,20220901,688047,0.044103,1.0
55959,20220901,300079,0.043233,1.0
55960,20220901,300079,0.043233,1.0
55961,20220901,688311,0.041576,1.0
55962,20220901,300401,0.041067,1.0
55963,20220901,688320,0.039777,1.0
55964,20220901,300871,0.03767,1.0
55965,20220901,300871,0.03767,1.0
55966,20220901,300806,0.037504,1.0
55967,20220901,300806,0.037504,1.0
55968,20220901,300673,0.03744,1.0
55969,20220901,300660,0.036677,1.0
55970,20220901,300782,0.034465,1.0
55971,20220901,688168,0.033969,0.0
55972,20220901,688168,0.033969,1.0
55973,20220901,688518,0.033856,1.0
55974,20220901,300049,0.031214,1.0
55975,20220901,300602,0.031149,1.0
55976,20220901,688258,0.031042,1.0
55977,20220901,300026,0.029617,1.0
55978,20220901,688268,0.028443,1.0
55979,20220901,688682,0.025093,0.0
55980,20220901,301102,0.0249,1.0
55981,20220901,688233,0.023333,1.0
55982,20220901,300729,0.023295,1.0
55983,20220901,688022,0.023256,1.0
55984,20220901,688322,0.023074,1.0
55985,20220901,300188,0.021898,0.0
55986,20220901,300188,0.021898,0.0
55987,20220901,300207,0.020974,1.0
55988,20220901,688248,0.020575,0.0
55989,20220901,688588,0.020309,0.0
55990,20220901,688032,0.018693,1.0
55991,20220901,300820,0.017855,1.0
55992,20220901,300007,0.016807,1.0
55993,20220901,300132,0.015625,1.0
55994,20220901,300132,0.015625,1.0
55995,20220901,688586,0.01526,1.0
55996,20220901,688162,0.014991,1.0
55997,20220901,300604,0.012856,1.0
55998,20220901,300687,0.012739,0.0
55999,20220901,301166,0.012266,1.0
56000,20220901,688030,0.011286,0.0
56001,20220901,688030,0.011286,0.0
56002,20220901,300035,0.01121,1.0
56003,20220901,300035,0.01121,1.0
56004,20220901,688363,0.01086,1.0
56005,20220901,688363,0.01086,1.0
56006,20220901,688363,0.01086,1.0
56007,20220901,688107,0.010771,0.0
56008,20220901,688696,0.010712,1.0
56009,20220901,300682,0.010011,0.0
56010,20220901,300682,0.010011,1.0
56011,20220901,301087,0.009852,1.0
56012,20220901,688560,0.009509,1.0
56013,20220901,688180,0.00871,1.0
56014,20220901,688180,0.00871,0.0
56015,20220901,688180,0.00871,1.0
56016,20220901,300395,0.006871,1.0
56017,20220901,300001,0.005984,1.0
56018,20220901,688221,0.005772,1.0
56019,20220901,300253,0.005682,1.0
56020,20220901,688083,0.00553,0.0
56021,20220901,688793,0.004497,1.0
56022,20220901,688072,0.004297,1.0
56023,20220901,688072,0.004297,1.0
56024,20220901,688669,0.004012,1.0
56025,20220901,688323,0.003645,1.0
56026,20220901,300777,0.003232,1.0
56027,20220901,688225,0.002081,1.0
56028,20220901,300083,0.002043,1.0
56029,20220901,688368,0.001622,0.0
56030,20220901,688059,0.000755,1.0
56031,20220901,300788,0.0,0.0
56032,20220901,300496,-0.000336,1.0
56033,20220901,300496,-0.000336,1.0
56034,20220901,300750,-0.002738,1.0
56035,20220901,688005,-0.00319,1.0
56036,20220901,300759,-0.003799,0.0
56037,20220901,688599,-0.004376,1.0
56038,20220901,688599,-0.004376,1.0
56039,20220901,300499,-0.00478,1.0
56040,20220901,688819,-0.005046,1.0
56041,20220901,688267,-0.005399,1.0
56042,20220901,300747,-0.005917,1.0
56043,20220901,688390,-0.007311,1.0
56044,20220901,688390,-0.007311,1.0
56045,20220901,300894,-0.008525,1.0
56046,20220901,300894,-0.008525,1.0
56047,20220901,300737,-0.009569,1.0
56048,20220901,300737,-0.009569,1.0
56049,20220901,300751,-0.009921,0.0
56050,20220901,688707,-0.010601,1.0
56051,20220901,300171,-0.011223,1.0
56052,20220901,300601,-0.011243,1.0
56053,20220901,300369,-0.011591,0.0
56054,20220901,688598,-0.0116,1.0
56055,20220901,300073,-0.012505,1.0
56056,20220901,300073,-0.012505,1.0
56057,20220901,300073,-0.012505,1.0
56058,20220901,300761,-0.013391,0.0
56059,20220901,300792,-0.013841,0.0
56060,20220901,300957,-0.014238,1.0
56061,20220901,300957,-0.014238,1.0
56062,20220901,300957,-0.014238,1.0
56063,20220901,688676,-0.014483,1.0
56064,20220901,688617,-0.015204,1.0
56065,20220901,300763,-0.015874,1.0
56066,20220901,300763,-0.015874,1.0
56067,20220901,688349,-0.016332,1.0
56068,20220901,688349,-0.016332,1.0
56069,20220901,688778,-0.016457,1.0
56070,20220901,300122,-0.017215,1.0
56071,20220901,688276,-0.019608,0.0
56072,20220901,688301,-0.019623,1.0
56073,20220901,688526,-0.020096,1.0
56074,20220901,688611,-0.020999,1.0
56075,20220901,688680,-0.021309,1.0
56076,20220901,301096,-0.022987,1.0
56077,20220901,300911,-0.024814,1.0
56078,20220901,300911,-0.024814,1.0
56079,20220901,300893,-0.026721,1.0
56080,20220901,688006,-0.027825,1.0
56081,20220901,688006,-0.027825,1.0
56082,20220901,300274,-0.028086,1.0
56083,20220901,688777,-0.029427,0.0
56084,20220901,688516,-0.031159,1.0
56085,20220901,300347,-0.03329,1.0
56086,20220901,688187,-0.034421,1.0
56087,20220901,300973,-0.035417,1.0
56088,20220901,688169,-0.038212,1.0
56089,20220901,688169,-0.038212,1.0
56090,20220901,688331,-0.042955,1.0
56091,20220902,300751,0.159546,1.0
56092,20220902,688390,0.088147,1.0
56093,20220902,688390,0.088147,1.0
56094,20220902,688032,0.080787,0.0
56095,20220902,300260,0.078668,1.0
56096,20220902,300604,0.07214,1.0
56097,20220902,688248,0.070887,1.0
56098,20220902,688190,0.051782,1.0
56099,20220902,300763,0.04699,1.0
56100,20220902,300763,0.04699,1.0
56101,20220902,300763,0.04699,1.0
56102,20220902,688630,0.046452,1.0
56103,20220902,300776,0.044544,1.0
56104,20220902,300054,0.036356,1.0
56105,20220902,688063,0.035818,1.0
56106,20220902,301117,0.035088,0.0
56107,20220902,688122,0.033955,0.0
56108,20220902,688201,0.027453,1.0
56109,20220902,688680,0.025817,1.0
56110,20220902,300772,0.022391,1.0
56111,20220902,300772,0.022391,1.0
56112,20220902,688518,0.022364,1.0
56113,20220902,300850,0.02117,1.0
56114,20220902,688310,0.016803,1.0
56115,20220902,300450,0.01607,1.0
56116,20220902,300715,0.015083,1.0
56117,20220902,300662,0.011467,0.0
56118,20220902,300095,0.01088,1.0
56119,20220902,300095,0.01088,1.0
56120,20220902,688059,0.010849,1.0
56121,20220902,688311,0.009318,1.0
56122,20220902,688567,0.008935,1.0
56123,20220902,300188,0.007937,0.0
56124,20220902,300957,0.005733,1.0
56125,20220902,688326,0.005497,1.0
56126,20220902,300118,0.004885,1.0
56127,20220902,300955,0.003534,1.0
56128,20220902,688779,0.003034,1.0
56129,20220902,688111,0.002814,0.0
56130,20220902,300967,0.002781,0.0
56131,20220902,300316,0.000944,1.0
56132,20220902,300073,0.0,1.0
56133,20220902,300451,0.0,0.0
56134,20220902,300451,0.0,1.0
56135,20220902,300814,-0.001563,1.0
56136,20220902,300132,-0.003419,1.0
56137,20220902,688005,-0.0057,1.0
56138,20220902,300762,-0.006088,1.0
56139,20220902,300861,-0.006149,1.0
56140,20220902,301177,-0.006891,1.0
56141,20220902,688223,-0.008088,1.0
56142,20220902,300682,-0.009178,1.0
56143,20220902,301080,-0.009532,0.0
56144,20220902,301237,-0.010021,1.0
56145,20220902,300915,-0.010471,1.0
56146,20220902,688369,-0.01203,0.0
56147,20220902,688239,-0.012358,1.0
56148,20220902,300087,-0.012796,0.0
56149,20220902,688231,-0.012961,1.0
56150,20220902,300766,-0.013169,1.0
56151,20220902,688018,-0.015532,0.0
56152,20220902,300748,-0.015759,1.0
56153,20220902,688170,-0.018425,1.0
56154,20220902,688170,-0.018425,1.0
56155,20220902,300777,-0.019545,1.0
56156,20220902,301306,-0.019747,1.0
56157,20220902,300737,-0.021256,1.0
56158,20220902,300351,-0.023882,1.0
56159,20220902,300673,-0.023919,1.0
56160,20220902,688288,-0.024949,1.0
56161,20220902,688157,-0.025341,1.0
56162,20220902,300363,-0.027397,1.0
56163,20220902,688187,-0.02795,1.0
56164,20220902,300347,-0.028236,1.0
56165,20220902,688375,-0.02953,1.0
56166,20220902,300759,-0.029748,0.0
56167,20220902,300759,-0.029748,1.0
56168,20220902,300418,-0.037339,1.0
56169,20220902,688047,-0.039293,1.0
56170,20220902,688526,-0.041017,0.0
56171,20220902,301270,-0.041223,1.0
56172,20220902,300122,-0.041525,1.0
56173,20220902,300122,-0.041525,1.0
56174,20220902,688533,-0.042344,1.0
56175,20220902,300973,-0.047282,1.0
56176,20220902,688041,-0.070053,1.0
56177,20220902,688390,0.088147,1.0
56178,20220902,688283,0.035517,1.0
56179,20220902,300008,0.02765,0.0
56180,20220902,688580,0.02074,1.0
56181,20220902,688586,0.0,1.0
56182,20220902,688006,-0.00954,1.0
56183,20220902,688180,-0.013328,1.0
56184,20220902,300624,-0.015656,1.0
56185,20220902,300939,-0.032898,1.0
56186,20220902,688556,0.092135,1.0
56187,20220902,688390,0.088147,1.0
56188,20220902,300604,0.07214,1.0
56189,20220902,688190,0.051782,1.0
56190,20220902,300763,0.04699,1.0
56191,20220902,300332,0.040404,1.0
56192,20220902,688516,0.038782,1.0
56193,20220902,300666,0.035916,1.0
56194,20220902,688283,0.035517,1.0
56195,20220902,688680,0.025817,1.0
56196,20220902,688680,0.025817,1.0
56197,20220902,688349,0.018135,1.0
56198,20220902,300037,0.016369,1.0
56199,20220902,300715,0.015083,1.0
56200,20220902,688408,0.013919,1.0
56201,20220902,300662,0.011467,1.0
56202,20220902,688265,0.011187,0.0
56203,20220902,688033,0.010823,1.0
56204,20220902,300188,0.007937,0.0
56205,20220902,688395,0.007463,1.0
56206,20220902,300695,0.006116,1.0
56207,20220902,300073,0.0,1.0
56208,20220902,300896,-0.003294,1.0
56209,20220902,300357,-0.003838,1.0
56210,20220902,300724,-0.004257,1.0
56211,20220902,300902,-0.005177,1.0
56212,20220902,688005,-0.0057,1.0
56213,20220902,300861,-0.006149,1.0
56214,20220902,688223,-0.008088,1.0
56215,20220902,300893,-0.010912,1.0
56216,20220902,301102,-0.014901,1.0
56217,20220902,688696,-0.019725,1.0
56218,20220902,688786,-0.020817,1.0
56219,20220902,688017,-0.021483,1.0
56220,20220902,300628,-0.02192,1.0
56221,20220902,300673,-0.023919,1.0
56222,20220902,300379,-0.028497,0.0
56223,20220902,688533,-0.042344,1.0
56224,20220902,300973,-0.047282,1.0
56225,20220902,301004,-0.047931,1.0
56226,20220905,688526,0.112062,1.0
56227,20220905,688526,0.112062,1.0
56228,20220905,688676,0.098827,1.0
56229,20220905,300724,0.095267,1.0
56230,20220905,688408,0.094518,1.0
56231,20220905,688032,0.091421,1.0
56232,20220905,300438,0.090876,1.0
56233,20220905,300438,0.090876,1.0
56234,20220905,300438,0.090876,1.0
56235,20220905,688223,0.087362,1.0
56236,20220905,688567,0.083106,1.0
56237,20220905,688680,0.061244,1.0
56238,20220905,300390,0.054543,1.0
56239,20220905,688239,0.054267,1.0
56240,20220905,688059,0.053756,1.0
56241,20220905,688190,0.051004,1.0
56242,20220905,688267,0.050081,1.0
56243,20220905,688599,0.049825,1.0
56244,20220905,300274,0.048047,1.0
56245,20220905,300415,0.043656,1.0
56246,20220905,688052,0.043563,0.0
56247,20220905,688678,0.042821,1.0
56248,20220905,688439,0.040312,0.0
56249,20220905,688598,0.04022,1.0
56250,20220905,300718,0.038594,1.0
56251,20220905,300982,0.036824,1.0
56252,20220905,300360,0.036377,1.0
56253,20220905,688168,0.033527,0.0
56254,20220905,300660,0.032913,1.0
56255,20220905,688349,0.031611,1.0
56256,20220905,300443,0.030347,1.0
56257,20220905,688200,0.029242,1.0
56258,20220905,688322,0.02811,1.0
56259,20220905,300835,0.026981,1.0
56260,20220905,300363,0.026232,1.0
56261,20220905,300363,0.026232,1.0
56262,20220905,688268,0.025942,1.0
56263,20220905,688556,0.024794,1.0
56264,20220905,300035,0.021292,1.0
56265,20220905,300035,0.021292,1.0
56266,20220905,300101,0.021016,1.0
56267,20220905,300739,0.019836,1.0
56268,20220905,300553,0.019633,1.0
56269,20220905,688299,0.019016,0.0
56270,20220905,300666,0.0187,1.0
56271,20220905,300073,0.015927,1.0
56272,20220905,688686,0.013363,1.0
56273,20220905,688005,0.012974,1.0
56274,20220905,300777,0.012924,1.0
56275,20220905,301071,0.012438,0.0
56276,20220905,688800,0.01065,1.0
56277,20220905,688169,0.009868,1.0
56278,20220905,300577,0.009339,1.0
56279,20220905,301103,0.008662,1.0
56280,20220905,688696,0.007621,0.0
56281,20220905,688388,0.007325,1.0
56282,20220905,688388,0.007325,1.0
56283,20220905,300223,0.00717,1.0
56284,20220905,688201,0.006614,1.0
56285,20220905,688201,0.006614,1.0
56286,20220905,688235,0.006314,0.0
56287,20220905,300129,0.004957,1.0
56288,20220905,300418,0.004937,1.0
56289,20220905,300406,0.00479,1.0
56290,20220905,300188,0.004724,0.0
56291,20220905,688617,0.004028,1.0
56292,20220905,300058,0.003597,1.0
56293,20220905,300633,0.003415,1.0
56294,20220905,688037,0.0022,1.0
56295,20220905,300792,0.002163,0.0
56296,20220905,300792,0.002163,0.0
56297,20220905,300792,0.002163,1.0
56298,20220905,300133,0.00207,1.0
56299,20220905,301198,0.002067,1.0
56300,20220905,688568,0.001652,1.0
56301,20220905,688076,0.0,1.0
56302,20220905,688212,0.0,1.0
56303,20220905,301302,-0.000172,1.0
56304,20220905,300260,-0.000343,1.0
56305,20220905,300547,-0.000551,1.0
56306,20220905,688363,-0.000725,1.0
56307,20220905,688363,-0.000725,1.0
56308,20220905,688580,-0.001195,1.0
56309,20220905,300604,-0.003147,1.0
56310,20220905,688331,-0.003952,1.0
56311,20220905,688232,-0.003994,0.0
56312,20220905,688072,-0.004502,1.0
56313,20220905,300613,-0.005618,0.0
56314,20220905,300014,-0.008264,1.0
56315,20220905,300119,-0.009162,1.0
56316,20220905,300358,-0.009947,1.0
56317,20220905,300751,-0.011305,1.0
56318,20220905,300751,-0.011305,1.0
56319,20220905,300751,-0.011305,1.0
56320,20220905,300751,-0.011305,1.0
56321,20220905,300751,-0.011305,1.0
56322,20220905,300751,-0.011305,1.0
56323,20220905,300760,-0.014745,1.0
56324,20220905,301263,-0.015482,1.0
56325,20220905,300275,-0.015798,1.0
56326,20220905,688777,-0.015825,1.0
56327,20220905,300451,-0.018321,1.0
56328,20220905,300122,-0.018921,1.0
56329,20220905,301035,-0.020045,1.0
56330,20220905,300957,-0.045714,0.0
56331,20220905,300662,-0.046665,1.0
56332,20220906,300776,0.077995,1.0
56333,20220906,688283,0.073,1.0
56334,20220906,688001,0.067928,1.0
56335,20220906,688776,0.057947,1.0
56336,20220906,688676,0.053963,1.0
56337,20220906,300438,0.05063,1.0
56338,20220906,688598,0.048476,0.0
56339,20220906,300751,0.045543,1.0
56340,20220906,688499,0.044865,1.0
56341,20220906,688007,0.040093,1.0
56342,20220906,300035,0.036942,1.0
56343,20220906,300035,0.036942,1.0
56344,20220906,688375,0.034951,1.0
56345,20220906,688375,0.034951,1.0
56346,20220906,300007,0.033044,1.0
56347,20220906,300763,0.030764,1.0
56348,20220906,688041,0.029456,1.0
56349,20220906,688161,0.028647,1.0
56350,20220906,688127,0.026083,1.0
56351,20220906,300358,0.021277,1.0
56352,20220906,300115,0.019331,1.0
56353,20220906,300577,0.017082,1.0
56354,20220906,688348,0.016555,1.0
56355,20220906,300316,0.011808,1.0
56356,20220906,300782,0.011343,1.0
56357,20220906,300866,0.009681,1.0
56358,20220906,300308,0.007102,1.0
56359,20220906,688063,0.005208,0.0
56360,20220906,688332,0.005002,1.0
56361,20220906,688180,0.004556,0.0
56362,20220906,300653,0.002075,1.0
56363,20220906,688166,0.001884,1.0
56364,20220906,688009,0.0,1.0
56365,20220906,300244,-0.000318,0.0
56366,20220906,300915,-0.000791,1.0
56367,20220906,300915,-0.000791,1.0
56368,20220906,300604,-0.003307,1.0
56369,20220906,300207,-0.004616,1.0
56370,20220906,688269,-0.006828,1.0
56371,20220906,301177,-0.010805,1.0
56372,20220906,688439,-0.01675,1.0
56373,20220906,300973,-0.023988,1.0
56374,20220907,300316,0.05163,1.0
56375,20220907,688041,0.031894,1.0
56376,20220907,688363,0.016364,1.0
56377,20220907,301268,0.010394,1.0
56378,20220907,688213,0.009837,1.0
56379,20220907,688381,0.002334,1.0
56380,20220907,300251,0.002215,1.0
56381,20220907,688366,0.001111,1.0
56382,20220907,688599,-0.000933,1.0
56383,20220907,300065,-0.003559,1.0
56384,20220907,300751,-0.004634,1.0
56385,20220907,300751,-0.004634,1.0
56386,20220907,300354,-0.008936,1.0
56387,20220907,688066,-0.010019,1.0
56388,20220907,688223,-0.011834,1.0
56389,20220907,300088,-0.015257,1.0
56390,20220907,300413,-0.01582,1.0
56391,20220907,301080,-0.017333,0.0
56392,20220907,688687,-0.017376,1.0
56393,20220907,301269,-0.021448,1.0
56394,20220907,688225,-0.022773,0.0
56395,20220907,300171,-0.029054,1.0
56396,20220907,688518,-0.030318,1.0
56397,20220907,688169,-0.03851,1.0
56398,20220907,300217,-0.061224,1.0
56399,20220907,688001,-0.063339,1.0
56400,20220908,300894,0.051045,1.0
56401,20220908,300894,0.051045,1.0
56402,20220908,300759,0.048544,1.0
56403,20220908,300768,0.041322,1.0
56404,20220908,300957,0.036892,1.0
56405,20220908,300957,0.036892,1.0
56406,20220908,688169,0.033237,1.0
56407,20220908,688169,0.033237,1.0
56408,20220908,300919,0.024625,1.0
56409,20220908,300390,0.022718,1.0
56410,20220908,300881,0.020068,1.0
56411,20220908,300487,0.018687,1.0
56412,20220908,301155,0.013363,1.0
56413,20220908,688363,0.012003,1.0
56414,20220908,688072,0.006633,1.0
56415,20220908,300454,0.001696,1.0
56416,20220908,688283,-0.00314,1.0
56417,20220908,300782,-0.004088,1.0
56418,20220908,688041,-0.014483,1.0
56419,20220908,688213,-0.014911,1.0
56420,20220908,688311,-0.015934,1.0
56421,20220908,688533,-0.018845,1.0
56422,20220908,688053,-0.050684,0.0
56423,20220908,688063,-0.063559,1.0
56424,20220908,688052,-0.088033,1.0
56425,20220908,300922,0.009621,1.0
56426,20220908,300357,0.016205,1.0
56427,20220908,300443,0.005505,1.0
56428,20220908,300548,0.003777,1.0
56429,20220908,688390,0.000615,1.0
56430,20220908,300856,-0.002282,1.0
56431,20220908,300253,-0.002911,0.0
56432,20220908,688599,-0.008966,1.0
56433,20220908,300763,-0.010388,1.0
56434,20220908,688185,-0.013373,1.0
56435,20220908,688120,-0.024817,1.0
56436,20220908,300347,-0.075709,1.0
56437,20220913,688114,0.134388,1.0
56438,20220913,688072,0.06744,1.0
56439,20220913,300699,0.048829,1.0
56440,20220913,688375,0.044687,1.0
56441,20220913,688625,0.034129,1.0
56442,20220913,300856,0.02659,1.0
56443,20220913,300737,0.021316,1.0
56444,20220913,688677,0.014395,1.0
56445,20220913,300613,0.002117,1.0
56446,20220913,300015,-0.004047,1.0
56447,20220913,688007,-0.004926,1.0
56448,20220913,688007,-0.004926,1.0
56449,20220913,300558,-0.005966,1.0
56450,20220913,300274,-0.00659,1.0
56451,20220913,300596,-0.008522,1.0
56452,20220913,688167,-0.009621,1.0
56453,20220913,300233,-0.011127,1.0
56454,20220913,688032,-0.014645,1.0
56455,20220913,300058,-0.018553,1.0
56456,20220913,300118,-0.019608,1.0
56457,20220913,688348,-0.022294,1.0
56458,20220913,300648,-0.028936,1.0
56459,20220913,688567,-0.031489,1.0
56460,20220913,300382,-0.031503,1.0
56461,20220914,301269,0.011188,1.0
56462,20220914,688301,0.0,1.0
56463,20220914,688331,-0.004436,1.0
56464,20220914,688681,-0.02096,1.0
56465,20220914,688059,-0.024162,1.0
56466,20220914,688059,-0.024162,1.0
56467,20220914,301328,-0.02537,1.0
56468,20220914,300003,-0.025882,1.0
56469,20220914,300699,-0.031,1.0
56470,20220914,688138,-0.033333,1.0
56471,20220914,688114,-0.033468,1.0
56472,20220914,300938,-0.03395,0.0
56473,20220914,688116,-0.034539,1.0
56474,20220914,688779,-0.039336,1.0
56475,20220914,300450,-0.047246,1.0
56476,20220914,301150,-0.048253,1.0
56477,20220914,688325,-0.049889,1.0
56478,20220914,688733,-0.053151,1.0
56479,20220914,688007,-0.062942,1.0
56480,20220914,300751,-0.065635,1.0
56481,20220914,688567,-0.070191,1.0
56482,20220914,300014,-0.073499,1.0
56483,20220914,688371,-0.088685,1.0
56484,20220915,300856,0.034703,1.0
56485,20220915,300796,0.025852,1.0
56486,20220915,300751,0.022495,1.0
56487,20220915,300751,0.022495,1.0
56488,20220915,300785,0.017298,0.0
56489,20220915,300217,0.008982,1.0
56490,20220915,300101,-0.003431,1.0
56491,20220915,688232,-0.010393,0.0
56492,20220915,300750,-0.010498,1.0
56493,20220915,300774,-0.015291,0.0
56494,20220915,688439,-0.017692,1.0
56495,20220915,688092,-0.020408,1.0
56496,20220915,688059,-0.026346,1.0
56497,20220915,300438,-0.028647,1.0
56498,20220915,301087,-0.029463,1.0
56499,20220915,300737,-0.042857,1.0
56500,20220915,688565,-0.04957,0.0
56501,20220916,301321,0.062475,1.0
56502,20220916,688371,0.004882,0.0
56503,20220916,300413,-0.011081,1.0
56504,20220916,688639,-0.012327,1.0
56505,20220916,688668,-0.013433,1.0
56506,20220916,688063,-0.013989,1.0
56507,20220916,688087,-0.01422,1.0
56508,20220916,300751,-0.01808,1.0
56509,20220916,300733,-0.024593,1.0
56510,20220916,301349,-0.034393,1.0
56511,20220916,688083,-0.036608,1.0
56512,20220916,688112,-0.03962,1.0
56513,20220916,300454,-0.045142,1.0
56514,20220916,688114,-0.156612,1.0
56515,20220916,300567,0.092137,1.0
56516,20220916,688210,0.033362,1.0
56517,20220916,688800,0.023176,0.0
56518,20220916,300755,0.011824,1.0
56519,20220916,300511,-0.019608,0.0
56520,20220916,688789,-0.02466,1.0
56521,20220916,301171,-0.04127,1.0
56522,20220916,688331,-0.127684,1.0
56523,20220919,688102,0.072335,1.0
56524,20220919,300586,0.058415,1.0
56525,20220919,300415,0.043924,1.0
56526,20220919,300953,0.0366,1.0
56527,20220919,300443,0.023332,1.0
56528,20220919,688557,0.021959,1.0
56529,20220919,688232,0.020449,1.0
56530,20220919,300520,0.020092,1.0
56531,20220919,688567,0.017568,1.0
56532,20220919,300109,0.015753,1.0
56533,20220919,300394,0.013963,1.0
56534,20220919,300571,0.011,1.0
56535,20220919,688271,0.003751,1.0
56536,20220919,300296,0.0,1.0
56537,20220919,301195,0.0,1.0
56538,20220919,688126,-0.00359,1.0
56539,20220919,688066,-0.011529,1.0
56540,20220919,688278,-0.017193,1.0
56541,20220920,300723,0.020752,1.0
56542,20220920,300418,0.009146,0.0
56543,20220920,300763,-0.003149,1.0
56544,20220920,300223,-0.008407,1.0
56545,20220920,688212,-0.008674,1.0
56546,20220920,300529,-0.008811,1.0
56547,20220920,688033,-0.013573,1.0
56548,20220920,688033,-0.013573,1.0
56549,20220920,300856,-0.015232,1.0
56550,20220920,688680,-0.019683,1.0
56551,20220920,688293,-0.031514,1.0
56552,20220920,300973,-0.035581,1.0
56553,20220920,301073,-0.048175,1.0
56554,20220920,301080,-0.050693,1.0
56555,20220920,688331,-0.077969,1.0
56556,20220920,688331,-0.077969,1.0
56557,20220921,688258,0.07972,1.0
56558,20220921,301327,0.072464,1.0
56559,20220921,688033,0.036827,1.0
56560,20220921,688033,0.036827,1.0
56561,20220921,300604,0.035758,1.0
56562,20220921,688559,0.032501,1.0
56563,20220921,300776,0.032044,1.0
56564,20220921,300274,0.011968,1.0
56565,20220921,688390,0.011533,0.0
56566,20220921,300811,0.005774,1.0
56567,20220921,688278,0.004967,1.0
56568,20220921,688188,-0.008363,1.0
56569,20220921,300003,-0.013521,1.0
56570,20220921,688180,-0.013741,1.0
56571,20220921,688180,-0.013741,1.0
56572,20220922,300294,0.028911,1.0
56573,20220922,688308,0.013199,1.0
56574,20220922,300308,0.009311,1.0
56575,20220922,688559,-0.002992,1.0
56576,20220922,688007,-0.013385,1.0
56577,20220922,300863,-0.015163,1.0
56578,20220922,300207,-0.01551,1.0
56579,20220922,688286,-0.043541,1.0
56580,20220922,301101,-0.050297,1.0
56581,20220922,688102,-0.055123,1.0
56582,20220922,688325,-0.069942,1.0
56583,20220922,688293,-0.103547,1.0
56584,20220923,688559,0.041357,1.0
56585,20220923,300681,0.038831,1.0
56586,20220923,301046,0.034965,1.0
56587,20220923,300415,0.030412,1.0
56588,20220923,300041,0.01516,1.0
56589,20220923,300332,0.006364,1.0
56590,20220923,688033,0.006332,1.0
56591,20220923,300395,0.002656,1.0
56592,20220923,688389,0.0,1.0
56593,20220923,300354,-0.027778,1.0
56594,20220923,688239,-0.030976,1.0
56595,20220923,688187,-0.031041,1.0
56596,20220923,688187,-0.031041,1.0
56597,20220923,688187,-0.031041,1.0
56598,20220923,688187,-0.031041,1.0
56599,20220923,300263,-0.03183,1.0
56600,20220923,688556,0.058095,1.0
56601,20220923,300357,0.028558,1.0
56602,20220923,300757,0.012818,1.0
56603,20220923,300007,0.005425,1.0
56604,20220923,688389,0.0,1.0
56605,20220923,688223,-0.002228,1.0
56606,20220923,300454,-0.015406,1.0
56607,20220926,300260,0.188686,1.0
56608,20220926,688271,0.124789,1.0
56609,20220926,688089,0.066933,1.0
56610,20220926,300442,0.063918,1.0
56611,20220926,688276,0.060685,1.0
56612,20220926,688120,0.048478,1.0
56613,20220926,301266,0.036145,1.0
56614,20220926,688633,0.033764,1.0
56615,20220926,688618,0.028244,1.0
56616,20220926,688196,0.025515,1.0
56617,20220926,688369,0.022597,1.0
56618,20220926,301327,0.021876,1.0
56619,20220926,300752,0.015138,1.0
56620,20220926,300382,0.012963,1.0
56621,20220926,688052,0.012018,1.0
56622,20220926,300751,0.006252,1.0
56623,20220926,300751,0.006252,1.0
56624,20220926,300124,0.002595,1.0
56625,20220926,688559,-0.005763,1.0
56626,20220926,688559,-0.005763,1.0
56627,20220926,300274,-0.008499,1.0
56628,20220926,300698,-0.047378,1.0
56629,20220927,688161,0.058152,1.0
56630,20220927,300633,0.048204,1.0
56631,20220927,688663,0.001729,0.0
56632,20220927,300979,-0.025243,1.0
56633,20220927,300708,-0.033366,1.0
56634,20220927,301077,-0.034211,1.0
56635,20220927,688167,-0.037635,1.0
56636,20220927,688268,-0.04668,0.0
56637,20220927,300450,-0.047133,1.0
56638,20220927,688786,-0.050794,1.0
56639,20220927,301268,-0.056343,1.0
56640,20220927,688665,-0.061746,1.0
56641,20220927,300745,-0.067689,1.0
56642,20220928,300850,0.05032,1.0
56643,20220928,300850,0.05032,1.0
56644,20220928,688187,0.036929,1.0
56645,20220928,688187,0.036929,1.0
56646,20220928,688187,0.036929,1.0
56647,20220928,688326,0.03087,1.0
56648,20220928,688630,0.020855,1.0
56649,20220928,688093,0.017945,1.0
56650,20220928,300776,0.015201,1.0
56651,20220928,300751,0.008631,1.0
56652,20220928,688299,0.006824,1.0
56653,20220928,300447,0.002609,1.0
56654,20220928,688012,0.001086,1.0
56655,20220928,300969,0.0,1.0
56656,20220928,300014,-0.005249,1.0
56657,20220928,300014,-0.005249,1.0
56658,20220928,688111,-0.008944,1.0
56659,20220928,688003,-0.026866,1.0
56660,20220930,300718,-0.01704,1.0
56661,20220930,300395,-0.018036,1.0
56662,20220930,300014,-0.029551,1.0
56663,20220930,301162,-0.039293,0.0
56664,20220930,300726,-0.056481,1.0
56665,20220930,301349,0.032935,1.0
56666,20220930,301327,0.005532,1.0
56667,20220930,300750,-0.02003,1.0
56668,20220930,300803,-0.02873,0.0
56669,20220930,300767,-0.03617,1.0
56670,20220930,300755,-0.06458,1.0
56671,20221010,301101,0.09015,1.0
56672,20221010,301101,0.09015,1.0
56673,20221010,300217,0.086124,1.0
56674,20221010,300217,0.086124,1.0
56675,20221010,300750,0.059665,1.0
56676,20221010,300258,0.001757,1.0
56677,20221010,300748,-0.000619,1.0
56678,20221010,300179,-0.006289,1.0
56679,20221010,300687,-0.008193,0.0
56680,20221010,300003,-0.013896,1.0
56681,20221010,300223,-0.020275,1.0
56682,20221010,300627,-0.021212,1.0
56683,20221010,300142,-0.024142,1.0
56684,20221010,300253,-0.031384,0.0
56685,20221011,300680,0.07978,1.0
56686,20221011,300687,0.072174,0.0
56687,20221011,300014,0.068495,1.0
56688,20221011,300586,0.055734,1.0
56689,20221011,300750,0.051718,1.0
56690,20221011,300750,0.051718,1.0
56691,20221011,300750,0.051718,1.0
56692,20221011,300750,0.051718,1.0
56693,20221011,300928,0.043148,1.0
56694,20221011,300835,0.040898,1.0
56695,20221011,300870,0.030238,1.0
56696,20221011,301193,-0.038272,1.0
56697,20221011,300653,-0.088025,1.0
56698,20221011,300653,-0.088025,1.0
56699,20221012,300634,0.094595,0.0
56700,20221012,300132,0.09029,1.0
56701,20221012,300684,0.068801,1.0
56702,20221012,300633,0.03617,1.0
56703,20221012,300999,0.022422,1.0
56704,20221012,300751,0.015105,1.0
56705,20221012,300274,0.015079,0.0
56706,20221012,300918,0.012225,1.0
56707,20221012,300286,0.011785,1.0
56708,20221012,300316,0.009023,1.0
56709,20221012,300316,0.009023,1.0
56710,20221012,300498,0.000445,1.0
56711,20221012,300760,-0.002898,1.0
56712,20221012,300627,-0.006689,1.0
56713,20221012,300769,-0.006993,1.0
56714,20221012,300073,-0.007779,1.0
56715,20221012,300207,-0.012982,1.0
56716,20221012,300750,-0.013316,1.0
56717,20221012,300750,-0.013316,1.0
56718,20221012,300014,-0.01965,1.0
56719,20221013,300699,0.060565,1.0
56720,20221013,300709,0.045471,1.0
56721,20221013,300132,0.029688,1.0
56722,20221013,300132,0.029688,1.0
56723,20221013,300132,0.029688,1.0
56724,20221013,300850,0.029132,1.0
56725,20221013,300316,0.018629,1.0
56726,20221013,300769,0.011972,1.0
56727,20221013,300750,0.011366,1.0
56728,20221013,300014,0.007667,1.0
56729,20221013,300856,-0.015657,1.0
56730,20221014,301269,0.039152,0.0
56731,20221014,301269,0.039152,0.0
56732,20221014,300855,0.038702,1.0
56733,20221014,300666,0.023474,1.0
56734,20221014,300628,0.018753,1.0
56735,20221014,301030,0.008016,1.0
56736,20221014,300382,-0.006695,1.0
56737,20221014,300382,-0.006695,1.0
56738,20221014,301327,-0.01274,1.0
56739,20221014,300763,-0.014825,1.0
56740,20221014,300586,-0.029805,1.0
56741,20221014,300636,0.051013,1.0
56742,20221014,300373,0.019945,1.0
56743,20221014,300628,0.018753,1.0
56744,20221014,301150,0.004463,1.0
56745,20221017,300827,0.095534,1.0
56746,20221017,300662,0.063526,1.0
56747,20221017,300662,0.063526,0.0
56748,20221017,300171,0.049834,1.0
56749,20221017,300593,0.034898,1.0
56750,20221017,300565,0.033572,1.0
56751,20221017,300568,0.019389,1.0
56752,20221017,300568,0.019389,1.0
56753,20221017,300568,0.019389,1.0
56754,20221017,300568,0.019389,1.0
56755,20221017,300724,0.011021,1.0
56756,20221017,300057,0.010537,1.0
56757,20221017,300627,0.004192,1.0
56758,20221017,301266,0.003125,1.0
56759,20221017,300124,0.001364,1.0
56760,20221017,300316,0.0,1.0
56761,20221017,300638,-0.009669,1.0
56762,20221017,300919,-0.011221,1.0
56763,20221017,300012,-0.012658,0.0
56764,20221018,300693,0.062245,1.0
56765,20221018,300568,0.031384,1.0
56766,20221018,300568,0.031384,1.0
56767,20221018,300354,0.024273,1.0
56768,20221018,300887,0.018566,1.0
56769,20221018,300752,0.012161,1.0
56770,20221018,300666,0.011648,1.0
56771,20221018,300638,0.003597,1.0
56772,20221018,300115,0.0,1.0
56773,20221018,300019,-0.012805,1.0
56774,20221018,300012,-0.015195,0.0
56775,20221018,300703,-0.015726,1.0
56776,20221018,300681,-0.022654,1.0
56777,20221018,301195,-0.03369,0.0
56778,20221019,301269,0.060914,0.0
56779,20221019,300855,0.017773,1.0
56780,20221019,300855,0.017773,1.0
56781,20221019,301195,0.011966,0.0
56782,20221019,300007,0.00931,1.0
56783,20221019,300094,-0.006073,1.0
56784,20221019,300496,-0.011264,1.0
56785,20221019,300627,-0.037025,1.0
56786,20221019,300568,-0.055325,1.0
56787,20221019,300568,-0.055325,1.0
56788,20221019,300438,-0.084095,1.0
56789,20221020,301155,0.063223,1.0
56790,20221020,300633,0.061184,1.0
56791,20221020,300580,0.02254,1.0
56792,20221020,300003,0.022427,1.0
56793,20221020,301195,0.021898,0.0
56794,20221020,301349,0.014283,1.0
56795,20221020,300723,0.005126,1.0
56796,20221020,300723,0.005126,1.0
56797,20221020,300951,0.00365,1.0
56798,20221020,300007,-0.011394,1.0
56799,20221020,301269,-0.014641,1.0
56800,20221020,300986,-0.027885,1.0
56801,20221020,300662,-0.029485,1.0
56802,20221020,300568,-0.030259,1.0
56803,20221020,300871,-0.036281,1.0
56804,20221020,300796,-0.041624,1.0
56805,20221020,300896,-0.043791,1.0
56806,20221021,300620,0.058841,1.0
56807,20221021,300887,0.0,0.0
56808,20221021,300832,-0.005867,1.0
56809,20221021,300832,-0.005867,1.0
56810,20221021,300832,-0.005867,1.0
56811,20221021,300832,-0.005867,0.0
56812,20221021,300075,-0.00786,0.0
56813,20221021,301179,-0.008543,0.0
56814,20221021,301193,-0.01296,1.0
56815,20221021,301129,-0.02197,1.0
56816,20221021,301129,-0.02197,1.0
56817,20221021,301129,-0.02197,1.0
56818,20221021,301129,-0.02197,1.0
56819,20221021,300354,-0.026935,1.0
56820,20221021,300354,-0.026935,1.0
56821,20221021,301155,-0.029378,1.0
56822,20221021,300684,-0.034104,1.0
56823,20221021,300119,-0.03481,1.0
56824,20221021,300979,-0.036773,1.0
56825,20221021,300979,-0.036773,1.0
56826,20221021,300979,-0.036773,1.0
56827,20221021,300979,-0.036773,1.0
56828,20221021,300634,0.199877,0.0
56829,20221021,300634,0.199877,0.0
56830,20221021,300855,0.028788,1.0
56831,20221021,300887,0.0,0.0
56832,20221021,300033,-0.000377,0.0
56833,20221021,301219,-0.001005,1.0
56834,20221021,300373,-0.011716,1.0
56835,20221021,300610,-0.030956,1.0
56836,20221021,300979,-0.036773,1.0
56837,20221021,300595,-0.062597,1.0
56838,20221024,300795,0.082534,1.0
56839,20221024,300724,0.061718,1.0
56840,20221024,300639,0.049638,1.0
56841,20221024,300396,0.045494,1.0
56842,20221024,300494,0.033288,0.0
56843,20221024,300481,0.015477,1.0
56844,20221024,300627,0.014575,0.0
56845,20221024,300627,0.014575,1.0
56846,20221024,300627,0.014575,1.0
56847,20221024,300627,0.014575,1.0
56848,20221024,300681,0.012036,1.0
56849,20221024,301349,0.008281,1.0
56850,20221024,300179,0.004458,1.0
56851,20221024,301269,0.002551,0.0
56852,20221024,301269,0.002551,0.0
56853,20221024,300887,0.002545,1.0
56854,20221024,300354,0.000499,1.0
56855,20221024,300033,-0.001256,0.0
56856,20221024,300033,-0.001256,0.0
56857,20221024,300638,-0.002163,1.0
56858,20221024,300638,-0.002163,1.0
56859,20221024,300638,-0.002163,1.0
56860,20221024,300638,-0.002163,1.0
56861,20221024,300638,-0.002163,1.0
56862,20221024,300638,-0.002163,1.0
56863,20221024,300638,-0.002163,1.0
56864,20221024,300750,-0.005742,1.0
56865,20221024,300750,-0.005742,1.0
56866,20221024,300750,-0.005742,1.0
56867,20221024,300750,-0.005742,1.0
56868,20221024,300750,-0.005742,1.0
56869,20221024,300750,-0.005742,1.0
56870,20221024,300750,-0.005742,1.0
56871,20221024,300750,-0.005742,1.0
56872,20221024,300382,-0.005973,1.0
56873,20221024,300684,-0.00778,1.0
56874,20221024,300979,-0.015733,1.0
56875,20221024,300979,-0.015733,1.0
56876,20221024,300699,-0.0186,1.0
56877,20221024,300054,-0.019778,1.0
56878,20221024,301095,-0.021695,1.0
56879,20221024,300401,-0.026243,1.0
56880,20221024,300073,-0.029644,1.0
56881,20221024,300073,-0.029644,1.0
56882,20221024,300453,-0.033557,1.0
56883,20221024,300019,-0.038854,1.0
56884,20221024,300595,-0.047596,1.0
56885,20221024,300595,-0.047596,1.0
56886,20221024,300595,-0.047596,1.0
56887,20221024,300595,-0.047596,1.0
56888,20221024,300595,-0.047596,1.0
56889,20221024,300634,-0.053654,0.0
56890,20221025,300630,0.141366,1.0
56891,20221025,300630,0.141366,1.0
56892,20221025,300682,0.124724,0.0
56893,20221025,300682,0.124724,0.0
56894,20221025,300451,0.109459,0.0
56895,20221025,300451,0.109459,0.0
56896,20221025,301102,0.103267,0.0
56897,20221025,300792,0.100579,0.0
56898,20221025,300792,0.100579,0.0
56899,20221025,300792,0.100579,0.0
56900,20221025,300316,0.094471,1.0
56901,20221025,300316,0.094471,1.0
56902,20221025,300316,0.094471,1.0
56903,20221025,300532,0.07619,0.0
56904,20221025,300532,0.07619,0.0
56905,20221025,300685,0.07337,1.0
56906,20221025,300685,0.07337,1.0
56907,20221025,300142,0.06007,1.0
56908,20221025,300811,0.059931,1.0
56909,20221025,300811,0.059931,1.0
56910,20221025,300811,0.059931,1.0
56911,20221025,300811,0.059931,1.0
56912,20221025,300811,0.059931,1.0
56913,20221025,300496,0.054152,1.0
56914,20221025,300496,0.054152,0.0
56915,20221025,300496,0.054152,1.0
56916,20221025,300496,0.054152,1.0
56917,20221025,300358,0.052963,1.0
56918,20221025,300638,0.04878,1.0
56919,20221025,300181,0.048563,1.0
56920,20221025,301269,0.047861,0.0
56921,20221025,301269,0.047861,0.0
56922,20221025,300413,0.044146,1.0
56923,20221025,300413,0.044146,1.0
56924,20221025,300413,0.044146,1.0
56925,20221025,300413,0.044146,0.0
56926,20221025,300294,0.041571,1.0
56927,20221025,300700,0.040398,1.0
56928,20221025,300504,0.038043,1.0
56929,20221025,300487,0.037691,1.0
56930,20221025,301302,0.035742,0.0
56931,20221025,301302,0.035742,0.0
56932,20221025,300767,0.035416,1.0
56933,20221025,300767,0.035416,1.0
56934,20221025,300767,0.035416,1.0
56935,20221025,300767,0.035416,1.0
56936,20221025,301266,0.035096,1.0
56937,20221025,300653,0.034943,1.0
56938,20221025,300803,0.034833,0.0
56939,20221025,300803,0.034833,1.0
56940,20221025,300803,0.034833,0.0
56941,20221025,300726,0.033798,1.0
56942,20221025,300184,0.030516,1.0
56943,20221025,300349,0.029016,0.0
56944,20221025,300873,0.028933,0.0
56945,20221025,300928,0.024571,0.0
56946,20221025,300928,0.024571,0.0
56947,20221025,300994,0.024561,1.0
56948,20221025,301091,0.024352,0.0
56949,20221025,300393,0.023039,1.0
56950,20221025,300284,0.021352,0.0
56951,20221025,300761,0.021114,1.0
56952,20221025,300761,0.021114,0.0
56953,20221025,300955,0.020723,1.0
56954,20221025,300955,0.020723,1.0
56955,20221025,300590,0.0203,1.0
56956,20221025,300590,0.0203,1.0
56957,20221025,300775,0.018704,1.0
56958,20221025,300918,0.015439,1.0
56959,20221025,300918,0.015439,1.0
56960,20221025,301031,0.015088,1.0
56961,20221025,300888,0.013832,1.0
56962,20221025,300888,0.013832,1.0
56963,20221025,300888,0.013832,1.0
56964,20221025,300048,0.01341,1.0
56965,20221025,300627,0.01218,0.0
56966,20221025,300627,0.01218,0.0
56967,20221025,300887,0.01066,0.0
56968,20221025,300596,0.010181,1.0
56969,20221025,300596,0.010181,1.0
56970,20221025,300894,0.009965,1.0
56971,20221025,300894,0.009965,1.0
56972,20221025,300894,0.009965,1.0
56973,20221025,300673,0.006678,1.0
56974,20221025,300681,0.001456,1.0
56975,20221025,300553,0.00072,1.0
56976,20221025,300115,0.0,1.0
56977,20221025,300115,0.0,1.0
56978,20221025,301073,0.0,1.0
56979,20221025,300750,-0.001593,1.0
56980,20221025,300750,-0.001593,1.0
56981,20221025,300750,-0.001593,1.0
56982,20221025,300967,-0.003137,0.0
56983,20221025,300733,-0.009551,1.0
56984,20221025,300394,-0.009563,1.0
56985,20221025,300394,-0.009563,1.0
56986,20221025,300394,-0.009563,1.0
56987,20221025,300394,-0.009563,1.0
56988,20221025,301162,-0.010386,0.0
56989,20221025,300360,-0.010462,1.0
56990,20221025,300718,-0.010584,1.0
56991,20221025,300580,-0.017933,1.0
56992,20221025,300041,-0.019255,1.0
56993,20221025,301349,-0.019324,1.0
56994,20221025,301349,-0.019324,1.0
56995,20221025,301349,-0.019324,1.0
56996,20221025,300772,-0.021058,1.0
56997,20221025,300699,-0.021197,1.0
56998,20221025,300073,-0.021463,1.0
56999,20221025,300073,-0.021463,0.0
57000,20221025,300073,-0.021463,0.0
57001,20221025,300073,-0.021463,1.0
57002,20221025,689009,-0.030942,1.0
57003,20221025,689009,-0.030942,1.0
57004,20221025,689009,-0.030942,1.0
57005,20221025,300680,-0.034812,1.0
57006,20221026,301004,0.200064,1.0
57007,20221026,301004,0.200064,1.0
57008,20221026,300607,0.06091,1.0
57009,20221026,300430,0.058519,1.0
57010,20221026,300181,0.031191,1.0
57011,20221026,301193,0.029302,1.0
57012,20221026,301193,0.029302,1.0
57013,20221026,301193,0.029302,1.0
57014,20221026,301193,0.029302,1.0
57015,20221026,300166,0.029268,0.0
57016,20221026,300059,0.019048,0.0
57017,20221026,300059,0.019048,0.0
57018,20221026,300059,0.019048,0.0
57019,20221026,300059,0.019048,0.0
57020,20221026,300059,0.019048,0.0
57021,20221026,300059,0.019048,0.0
57022,20221026,300059,0.019048,0.0
57023,20221026,300059,0.019048,0.0
57024,20221026,300059,0.019048,0.0
57025,20221026,300776,0.016702,1.0
57026,20221026,300079,0.01636,1.0
57027,20221026,300587,0.016268,1.0
57028,20221026,300357,0.01575,1.0
57029,20221026,300357,0.01575,1.0
57030,20221026,300357,0.01575,1.0
57031,20221026,300893,0.015665,1.0
57032,20221026,300498,0.014262,1.0
57033,20221026,300498,0.014262,0.0
57034,20221026,300498,0.014262,0.0
57035,20221026,300498,0.014262,0.0
57036,20221026,300413,0.013787,1.0
57037,20221026,300413,0.013787,1.0
57038,20221026,300413,0.013787,0.0
57039,20221026,300413,0.013787,1.0
57040,20221026,300413,0.013787,1.0
57041,20221026,300413,0.013787,1.0
57042,20221026,300413,0.013787,1.0
57043,20221026,300413,0.013787,1.0
57044,20221026,300413,0.013787,1.0
57045,20221026,300413,0.013787,0.0
57046,20221026,300358,0.013772,1.0
57047,20221026,300451,0.01218,0.0
57048,20221026,300451,0.01218,0.0
57049,20221026,301102,0.0117,0.0
57050,20221026,300525,0.01096,0.0
57051,20221026,301221,0.010519,0.0
57052,20221026,300036,0.009234,0.0
57053,20221026,300036,0.009234,0.0
57054,20221026,300229,0.009025,0.0
57055,20221026,300229,0.009025,0.0
57056,20221026,300457,0.008721,1.0
57057,20221026,300590,0.008651,1.0
57058,20221026,300590,0.008651,1.0
57059,20221026,300416,0.00767,1.0
57060,20221026,300416,0.00767,0.0
57061,20221026,300416,0.00767,1.0
57062,20221026,300725,0.006889,1.0
57063,20221026,300725,0.006889,1.0
57064,20221026,300725,0.006889,1.0
57065,20221026,300725,0.006889,1.0
57066,20221026,300725,0.006889,1.0
57067,20221026,300623,0.004285,1.0
57068,20221026,300240,0.003947,1.0
57069,20221026,300452,0.003824,1.0
57070,20221026,300760,0.003067,1.0
57071,20221026,300394,0.002759,1.0
57072,20221026,300133,0.002347,0.0
57073,20221026,300918,0.002339,1.0
57074,20221026,301162,0.001605,0.0
57075,20221026,300009,0.0,1.0
57076,20221026,300009,0.0,1.0
57077,20221026,300347,-0.0009,0.0
57078,20221026,300347,-0.0009,0.0
57079,20221026,300347,-0.0009,0.0
57080,20221026,300347,-0.0009,0.0
57081,20221026,300347,-0.0009,0.0
57082,20221026,300347,-0.0009,0.0
57083,20221026,300146,-0.002211,1.0
57084,20221026,300955,-0.003024,1.0
57085,20221026,300955,-0.003024,1.0
57086,20221026,300258,-0.00372,1.0
57087,20221026,300258,-0.00372,1.0
57088,20221026,301269,-0.00411,0.0
57089,20221026,301269,-0.00411,0.0
57090,20221026,301269,-0.00411,0.0
57091,20221026,300316,-0.004557,1.0
57092,20221026,300316,-0.004557,1.0
57093,20221026,300316,-0.004557,1.0
57094,20221026,300908,-0.005549,1.0
57095,20221026,300332,-0.005609,1.0
57096,20221026,300332,-0.005609,1.0
57097,20221026,300332,-0.005609,1.0
57098,20221026,301073,-0.005971,1.0
57099,20221026,301073,-0.005971,1.0
57100,20221026,300196,-0.006008,1.0
57101,20221026,300196,-0.006008,1.0
57102,20221026,300737,-0.008189,1.0
57103,20221026,300363,-0.008573,1.0
57104,20221026,300363,-0.008573,1.0
57105,20221026,300363,-0.008573,1.0
57106,20221026,300363,-0.008573,1.0
57107,20221026,300568,-0.008937,1.0
57108,20221026,300294,-0.009742,1.0
57109,20221026,300775,-0.009836,1.0
57110,20221026,300532,-0.010509,0.0
57111,20221026,300019,-0.010897,1.0
57112,20221026,300019,-0.010897,1.0
57113,20221026,300762,-0.011217,1.0
57114,20221026,300223,-0.012518,1.0
57115,20221026,300223,-0.012518,1.0
57116,20221026,300755,-0.012549,1.0
57117,20221026,300755,-0.012549,1.0
57118,20221026,300755,-0.012549,1.0
57119,20221026,300755,-0.012549,1.0
57120,20221026,300786,-0.015108,1.0
57121,20221026,300894,-0.015444,1.0
57122,20221026,300894,-0.015444,1.0
57123,20221026,300260,-0.015535,1.0
57124,20221026,300260,-0.015535,1.0
57125,20221026,300888,-0.016255,1.0
57126,20221026,300888,-0.016255,1.0
57127,20221026,300888,-0.016255,1.0
57128,20221026,300888,-0.016255,1.0
57129,20221026,300888,-0.016255,1.0
57130,20221026,300888,-0.016255,1.0
57131,20221026,300496,-0.016614,1.0
57132,20221026,300496,-0.016614,1.0
57133,20221026,300496,-0.016614,1.0
57134,20221026,300496,-0.016614,1.0
57135,20221026,300791,-0.016821,1.0
57136,20221026,301328,-0.017507,1.0
57137,20221026,300680,-0.01768,1.0
57138,20221026,300680,-0.01768,1.0
57139,20221026,300073,-0.020973,1.0
57140,20221026,300855,-0.022189,1.0
57141,20221026,301168,-0.022997,1.0
57142,20221026,300083,-0.023343,1.0
57143,20221026,300083,-0.023343,1.0
57144,20221026,300012,-0.024181,0.0
57145,20221026,300012,-0.024181,0.0
57146,20221026,300119,-0.024344,1.0
57147,20221026,300119,-0.024344,1.0
57148,20221026,300575,-0.024451,1.0
57149,20221026,300575,-0.024451,1.0
57150,20221026,301071,-0.024559,1.0
57151,20221026,301071,-0.024559,1.0
57152,20221026,301071,-0.024559,1.0
57153,20221026,301071,-0.024559,1.0
57154,20221026,301071,-0.024559,1.0
57155,20221026,300673,-0.025981,1.0
57156,20221026,300673,-0.025981,1.0
57157,20221026,300673,-0.025981,1.0
57158,20221026,300673,-0.025981,1.0
57159,20221026,300673,-0.025981,1.0
57160,20221026,300758,-0.026009,1.0
57161,20221026,301096,-0.026077,0.0
57162,20221026,301096,-0.026077,0.0
57163,20221026,301096,-0.026077,1.0
57164,20221026,300761,-0.026105,0.0
57165,20221026,300750,-0.026829,1.0
57166,20221026,300750,-0.026829,1.0
57167,20221026,300750,-0.026829,1.0
57168,20221026,300750,-0.026829,1.0
57169,20221026,300870,-0.027406,1.0
57170,20221026,300285,-0.028668,1.0
57171,20221026,300748,-0.028955,1.0
57172,20221026,300748,-0.028955,1.0
57173,20221026,300919,-0.030848,1.0
57174,20221026,300911,-0.031979,1.0
57175,20221026,300911,-0.031979,1.0
57176,20221026,300911,-0.031979,1.0
57177,20221026,300682,-0.033425,0.0
57178,20221026,300682,-0.033425,1.0
57179,20221026,300682,-0.033425,0.0
57180,20221026,300767,-0.034205,1.0
57181,20221026,300602,-0.037879,1.0
57182,20221026,300633,-0.038197,1.0
57183,20221026,301080,-0.038842,0.0
57184,20221026,301080,-0.038842,0.0
57185,20221026,301155,-0.040836,1.0
57186,20221026,300580,-0.040846,1.0
57187,20221026,300871,-0.042184,1.0
57188,20221026,300871,-0.042184,1.0
57189,20221026,300298,-0.042257,1.0
57190,20221026,300298,-0.042257,1.0
57191,20221026,300841,-0.042982,1.0
57192,20221026,300841,-0.042982,1.0
57193,20221026,300415,-0.043916,1.0
57194,20221026,300718,-0.044264,1.0
57195,20221026,300693,-0.045286,1.0
57196,20221026,300873,-0.046397,0.0
57197,20221026,300811,-0.046729,1.0
57198,20221026,300811,-0.046729,1.0
57199,20221026,300811,-0.046729,1.0
57200,20221026,300850,-0.049777,1.0
57201,20221026,300850,-0.049777,1.0
57202,20221026,300593,-0.054253,1.0
57203,20221026,300593,-0.054253,1.0
57204,20221026,300593,-0.054253,1.0
57205,20221026,300351,-0.054281,1.0
57206,20221026,300351,-0.054281,1.0
57207,20221026,300653,-0.056774,1.0
57208,20221026,300957,-0.056903,1.0
57209,20221026,300957,-0.056903,1.0
57210,20221026,300957,-0.056903,1.0
57211,20221026,300957,-0.056903,1.0
57212,20221026,300957,-0.056903,1.0
57213,20221026,300957,-0.056903,1.0
57214,20221026,300957,-0.056903,1.0
57215,20221026,300957,-0.056903,1.0
57216,20221026,300957,-0.056903,1.0
57217,20221026,300957,-0.056903,1.0
57218,20221026,300957,-0.056903,1.0
57219,20221026,300957,-0.056903,1.0
57220,20221026,300957,-0.056903,1.0
57221,20221026,300957,-0.056903,1.0
57222,20221026,301101,-0.059007,1.0
57223,20221026,301101,-0.059007,1.0
57224,20221026,301101,-0.059007,1.0
57225,20221026,301101,-0.059007,1.0
57226,20221026,301101,-0.059007,1.0
57227,20221026,301101,-0.059007,1.0
57228,20221026,301101,-0.059007,1.0
57229,20221026,301101,-0.059007,1.0
57230,20221026,300896,-0.05927,1.0
57231,20221026,300896,-0.05927,1.0
57232,20221026,300896,-0.05927,1.0
57233,20221026,300896,-0.05927,1.0
57234,20221026,300896,-0.05927,1.0
57235,20221026,300896,-0.05927,1.0
57236,20221026,300896,-0.05927,1.0
57237,20221026,300382,-0.05943,1.0
57238,20221026,300382,-0.05943,1.0
57239,20221026,301122,-0.061102,1.0
57240,20221026,300586,-0.06641,1.0
57241,20221026,301018,-0.087987,1.0
57242,20221026,300565,-0.096459,1.0
57243,20221026,300015,-0.130803,0.0
57244,20221026,300015,-0.130803,0.0
57245,20221026,300015,-0.130803,0.0
57246,20221026,300015,-0.130803,1.0
57247,20221026,300015,-0.130803,1.0
57248,20221026,300015,-0.130803,1.0
57249,20221026,300015,-0.130803,1.0
57250,20221027,300747,0.045045,1.0
57251,20221027,300593,0.038722,1.0
57252,20221027,300593,0.038722,1.0
57253,20221027,301029,0.028603,1.0
57254,20221027,300443,0.011749,1.0
57255,20221027,300768,0.011628,0.0
57256,20221027,300768,0.011628,0.0
57257,20221027,300628,0.00896,1.0
57258,20221027,300628,0.00896,1.0
57259,20221027,300628,0.00896,1.0
57260,20221027,300628,0.00896,1.0
57261,20221027,300666,0.001447,1.0
57262,20221027,300666,0.001447,1.0
57263,20221027,300724,-0.002301,1.0
57264,20221027,300724,-0.002301,1.0
57265,20221027,300724,-0.002301,1.0
57266,20221027,300724,-0.002301,1.0
57267,20221027,300724,-0.002301,0.0
57268,20221027,300724,-0.002301,1.0
57269,20221027,300699,-0.002875,1.0
57270,20221027,300763,-0.003725,1.0
57271,20221027,300763,-0.003725,1.0
57272,20221027,300820,-0.004344,1.0
57273,20221027,300820,-0.004344,1.0
57274,20221027,301095,-0.006695,1.0
57275,20221027,301101,-0.008295,1.0
57276,20221027,300298,-0.008936,1.0
57277,20221027,300811,-0.010882,1.0
57278,20221027,300811,-0.010882,1.0
57279,20221027,300811,-0.010882,1.0
57280,20221027,300196,-0.012089,1.0
57281,20221027,300682,-0.012205,0.0
57282,20221027,300015,-0.012865,0.0
57283,20221027,300015,-0.012865,0.0
57284,20221027,300015,-0.012865,1.0
57285,20221027,300244,-0.013504,0.0
57286,20221027,300244,-0.013504,0.0
57287,20221027,300567,-0.01446,1.0
57288,20221027,300871,-0.015112,1.0
57289,20221027,300871,-0.015112,1.0
57290,20221027,300036,-0.015608,0.0
57291,20221027,301102,-0.016263,0.0
57292,20221027,300896,-0.017747,1.0
57293,20221027,300896,-0.017747,1.0
57294,20221027,300896,-0.017747,1.0
57295,20221027,300896,-0.017747,1.0
57296,20221027,300896,-0.017747,1.0
57297,20221027,300896,-0.017747,1.0
57298,20221027,300896,-0.017747,1.0
57299,20221027,300725,-0.01873,1.0
57300,20221027,300725,-0.01873,1.0
57301,20221027,301086,-0.018776,1.0
57302,20221027,300285,-0.019531,1.0
57303,20221027,300285,-0.019531,1.0
57304,20221027,301073,-0.01978,1.0
57305,20221027,301073,-0.01978,1.0
57306,20221027,300061,-0.019947,1.0
57307,20221027,300363,-0.020177,1.0
57308,20221027,300174,-0.020181,1.0
57309,20221027,301047,-0.020538,0.0
57310,20221027,300124,-0.023498,1.0
57311,20221027,300124,-0.023498,1.0
57312,20221027,300772,-0.024,1.0
57313,20221027,300751,-0.024766,1.0
57314,20221027,300655,-0.025277,1.0
57315,20221027,300447,-0.025714,1.0
57316,20221027,300680,-0.025918,1.0
57317,20221027,300005,-0.027143,1.0
57318,20221027,300938,-0.027636,0.0
57319,20221027,300498,-0.028123,0.0
57320,20221027,300498,-0.028123,0.0
57321,20221027,300498,-0.028123,0.0
57322,20221027,300498,-0.028123,1.0
57323,20221027,300498,-0.028123,0.0
57324,20221027,300316,-0.02825,0.0
57325,20221027,301080,-0.028625,0.0
57326,20221027,300537,-0.029112,1.0
57327,20221027,300274,-0.029244,1.0
57328,20221027,300274,-0.029244,1.0
57329,20221027,301193,-0.029584,1.0
57330,20221027,301096,-0.03017,0.0
57331,20221027,301096,-0.03017,0.0
57332,20221027,300416,-0.031294,0.0
57333,20221027,300416,-0.031294,0.0
57334,20221027,300715,-0.031343,1.0
57335,20221027,300881,-0.031507,1.0
57336,20221027,300428,-0.032258,1.0
57337,20221027,300428,-0.032258,1.0
57338,20221027,300357,-0.032581,1.0
57339,20221027,300357,-0.032581,1.0
57340,20221027,300357,-0.032581,1.0
57341,20221027,300347,-0.032669,0.0
57342,20221027,300347,-0.032669,0.0
57343,20221027,300776,-0.033027,1.0
57344,20221027,300776,-0.033027,1.0
57345,20221027,300776,-0.033027,1.0
57346,20221027,301021,-0.033527,1.0
57347,20221027,300413,-0.034451,1.0
57348,20221027,300413,-0.034451,0.0
57349,20221027,300413,-0.034451,1.0
57350,20221027,300451,-0.034898,0.0
57351,20221027,300502,-0.036249,1.0
57352,20221027,300502,-0.036249,1.0
57353,20221027,300502,-0.036249,1.0
57354,20221027,300012,-0.037687,0.0
57355,20221027,300088,-0.037736,1.0
57356,20221027,301050,-0.037872,1.0
57357,20221027,300685,-0.037885,1.0
57358,20221027,300079,-0.038229,1.0
57359,20221027,300702,-0.038558,1.0
57360,20221027,300673,-0.03916,1.0
57361,20221027,300673,-0.03916,1.0
57362,20221027,300888,-0.03954,1.0
57363,20221027,300957,-0.040827,1.0
57364,20221027,300957,-0.040827,1.0
57365,20221027,300957,-0.040827,1.0
57366,20221027,300957,-0.040827,1.0
57367,20221027,300957,-0.040827,1.0
57368,20221027,300863,-0.041079,1.0
57369,20221027,300863,-0.041079,1.0
57370,20221027,300740,-0.04206,1.0
57371,20221027,300740,-0.04206,1.0
57372,20221027,300740,-0.04206,1.0
57373,20221027,300059,-0.042368,0.0
57374,20221027,300059,-0.042368,0.0
57375,20221027,300059,-0.042368,0.0
57376,20221027,300354,-0.042456,1.0
57377,20221027,300223,-0.042639,1.0
57378,20221027,300115,-0.042714,1.0
57379,20221027,300179,-0.042735,1.0
57380,20221027,300577,-0.043359,1.0
57381,20221027,300870,-0.043469,1.0
57382,20221027,301071,-0.043662,1.0
57383,20221027,300986,-0.043833,1.0
57384,20221027,300986,-0.043833,1.0
57385,20221027,300986,-0.043833,1.0
57386,20221027,300504,-0.043911,1.0
57387,20221027,300679,-0.043995,1.0
57388,20221027,300679,-0.043995,1.0
57389,20221027,300737,-0.044954,1.0
57390,20221027,300737,-0.044954,1.0
57391,20221027,300755,-0.045574,1.0
57392,20221027,300548,-0.047435,1.0
57393,20221027,301235,-0.047514,0.0
57394,20221027,300824,-0.047836,1.0
57395,20221027,300824,-0.047836,1.0
57396,20221027,300911,-0.047929,1.0
57397,20221027,300911,-0.047929,1.0
57398,20221027,300911,-0.047929,1.0
57399,20221027,300813,-0.048171,1.0
57400,20221027,300602,-0.048931,1.0
57401,20221027,300119,-0.049413,1.0
57402,20221027,300119,-0.049413,1.0
57403,20221027,300415,-0.050239,1.0
57404,20221027,301239,-0.050727,0.0
57405,20221027,300748,-0.050847,1.0
57406,20221027,301268,-0.051066,1.0
57407,20221027,301062,-0.051546,1.0
57408,20221027,300767,-0.051658,1.0
57409,20221027,300835,-0.052116,1.0
57410,20221027,300118,-0.053283,1.0
57411,20221027,301078,-0.054234,1.0
57412,20221027,301078,-0.054234,1.0
57413,20221027,301078,-0.054234,1.0
57414,20221027,300783,-0.054464,1.0
57415,20221027,300930,-0.054828,1.0
57416,20221027,300879,-0.055814,1.0
57417,20221027,300866,-0.056188,1.0
57418,20221027,300866,-0.056188,1.0
57419,20221027,300982,-0.056568,0.0
57420,20221027,300982,-0.056568,0.0
57421,20221027,300919,-0.05682,1.0
57422,20221027,300815,-0.062271,0.0
57423,20221027,300979,-0.062792,1.0
57424,20221027,300979,-0.062792,1.0
57425,20221027,300979,-0.062792,1.0
57426,20221027,300979,-0.062792,1.0
57427,20221027,300979,-0.062792,1.0
57428,20221027,300979,-0.062792,1.0
57429,20221027,301349,-0.062999,1.0
57430,20221027,301087,-0.064488,1.0
57431,20221027,300217,-0.064915,1.0
57432,20221027,301219,-0.065147,1.0
57433,20221027,300496,-0.065929,1.0
57434,20221027,300496,-0.065929,1.0
57435,20221027,301221,-0.07464,0.0
57436,20221027,300170,-0.07535,1.0
57437,20221027,301122,-0.075747,1.0
57438,20221027,300014,-0.080837,1.0
57439,20221027,300014,-0.080837,1.0
57440,20221027,300014,-0.080837,1.0
57441,20221027,300438,-0.093736,1.0
57442,20221027,300438,-0.093736,1.0
57443,20221027,300438,-0.093736,1.0
57444,20221027,300258,-0.116505,1.0
57445,20221027,301004,-0.117413,1.0
57446,20221028,300456,0.151294,1.0
57447,20221028,300996,0.083333,0.0
57448,20221028,301221,0.074198,1.0
57449,20221028,300087,0.071687,0.0
57450,20221028,300674,0.068308,0.0
57451,20221028,301278,0.061453,1.0
57452,20221028,300858,0.056189,1.0
57453,20221028,300395,0.048375,1.0
57454,20221028,300171,0.047337,1.0
57455,20221028,300171,0.047337,1.0
57456,20221028,300171,0.047337,1.0
57457,20221028,300856,0.046611,1.0
57458,20221028,300856,0.046611,1.0
57459,20221028,300856,0.046611,1.0
57460,20221028,300408,0.044886,1.0
57461,20221028,300132,0.042589,1.0
57462,20221028,300132,0.042589,1.0
57463,20221028,300373,0.041768,1.0
57464,20221028,300634,0.041282,0.0
57465,20221028,300450,0.040939,1.0
57466,20221028,300450,0.040939,1.0
57467,20221028,300450,0.040939,1.0
57468,20221028,300179,0.037338,1.0
57469,20221028,300593,0.037278,1.0
57470,20221028,300628,0.036725,1.0
57471,20221028,300628,0.036725,1.0
57472,20221028,301080,0.035763,0.0
57473,20221028,300866,0.035605,1.0
57474,20221028,300866,0.035605,1.0
57475,20221028,300590,0.035262,1.0
57476,20221028,300416,0.034342,0.0
57477,20221028,300416,0.034342,1.0
57478,20221028,301101,0.032787,1.0
57479,20221028,301101,0.032787,1.0
57480,20221028,300607,0.032026,1.0
57481,20221028,300119,0.031395,1.0
57482,20221028,300636,0.029703,1.0
57483,20221028,300636,0.029703,1.0
57484,20221028,300124,0.028845,1.0
57485,20221028,300124,0.028845,1.0
57486,20221028,301263,0.026604,1.0
57487,20221028,301263,0.026604,1.0
57488,20221028,300747,0.02658,1.0
57489,20221028,300496,0.026403,1.0
57490,20221028,300785,0.02579,0.0
57491,20221028,301177,0.025711,1.0
57492,20221028,301177,0.025711,1.0
57493,20221028,300643,0.025698,1.0
57494,20221028,300454,0.02439,0.0
57495,20221028,300482,0.023689,1.0
57496,20221028,300879,0.023399,1.0
57497,20221028,300246,0.022873,1.0
57498,20221028,300319,0.022872,1.0
57499,20221028,300319,0.022872,1.0
57500,20221028,301327,0.022661,1.0
57501,20221028,300967,0.022636,0.0
57502,20221028,300285,0.021691,1.0
57503,20221028,301190,0.021288,1.0
57504,20221028,301077,0.021008,1.0
57505,20221028,300709,0.017907,1.0
57506,20221028,300982,0.016097,1.0
57507,20221028,300059,0.015615,0.0
57508,20221028,300059,0.015615,0.0
57509,20221028,300681,0.013946,1.0
57510,20221028,300274,0.013862,1.0
57511,20221028,300274,0.013862,1.0
57512,20221028,300035,0.013706,1.0
57513,20221028,301009,0.013566,1.0
57514,20221028,301071,0.01283,1.0
57515,20221028,300894,0.012454,1.0
57516,20221028,300101,0.011945,1.0
57517,20221028,300803,0.011628,0.0
57518,20221028,300182,0.011521,0.0
57519,20221028,300217,0.009917,1.0
57520,20221028,300760,0.009085,1.0
57521,20221028,300760,0.009085,1.0
57522,20221028,300760,0.009085,1.0
57523,20221028,300760,0.009085,1.0
57524,20221028,300760,0.009085,1.0
57525,20221028,300760,0.009085,1.0
57526,20221028,300286,0.008512,1.0
57527,20221028,300122,0.006008,1.0
57528,20221028,300740,0.00448,1.0
57529,20221028,301015,0.004443,1.0
57530,20221028,300151,0.004219,1.0
57531,20221028,301029,0.002674,1.0
57532,20221028,301029,0.002674,1.0
57533,20221028,300755,0.001837,1.0
57534,20221028,300755,0.001837,1.0
57535,20221028,301011,0.00129,1.0
57536,20221028,301155,0.000946,1.0
57537,20221028,301289,0.000839,0.0
57538,20221028,300499,0.0,1.0
57539,20221028,300769,-3.9e-05,1.0
57540,20221028,300769,-3.9e-05,1.0
57541,20221028,300715,-0.00077,1.0
57542,20221028,300415,-0.001008,1.0
57543,20221028,300003,-0.001185,1.0
57544,20221028,300955,-0.001817,1.0
57545,20221028,300911,-0.002275,1.0
57546,20221028,300751,-0.002798,1.0
57547,20221028,300705,-0.003333,1.0
57548,20221028,300498,-0.003895,0.0
57549,20221028,300014,-0.005032,1.0
57550,20221028,300014,-0.005032,1.0
57551,20221028,300014,-0.005032,1.0
57552,20221028,300054,-0.005201,1.0
57553,20221028,301030,-0.005986,1.0
57554,20221028,301030,-0.005986,1.0
57555,20221028,300144,-0.007752,1.0
57556,20221028,300144,-0.007752,0.0
57557,20221028,300203,-0.010256,1.0
57558,20221028,300832,-0.010286,1.0
57559,20221028,300662,-0.013186,1.0
57560,20221028,300662,-0.013186,0.0
57561,20221028,300662,-0.013186,1.0
57562,20221028,300577,-0.013669,1.0
57563,20221028,300577,-0.013669,1.0
57564,20221028,300382,-0.016122,1.0
57565,20221028,300382,-0.016122,1.0
57566,20221028,300871,-0.017975,1.0
57567,20221028,300559,-0.019763,0.0
57568,20221028,300653,-0.020982,1.0
57569,20221028,300604,-0.02118,1.0
57570,20221028,300795,-0.021492,0.0
57571,20221028,300896,-0.022294,1.0
57572,20221028,300601,-0.026283,1.0
57573,20221028,301266,-0.026736,1.0
57574,20221028,300861,-0.028476,1.0
57575,20221028,300763,-0.030014,1.0
57576,20221028,300037,-0.034179,1.0
57577,20221028,300037,-0.034179,1.0
57578,20221028,300037,-0.034179,1.0
57579,20221028,300973,-0.034216,1.0
57580,20221028,300973,-0.034216,1.0
57581,20221028,300363,-0.035302,1.0
57582,20221028,300363,-0.035302,1.0
57583,20221028,300363,-0.035302,1.0
57584,20221028,300979,-0.035638,1.0
57585,20221028,300979,-0.035638,1.0
57586,20221028,300979,-0.035638,1.0
57587,20221028,300957,-0.036907,1.0
57588,20221028,300957,-0.036907,1.0
57589,20221028,300316,-0.040915,1.0
57590,20221028,300724,-0.051366,1.0
57591,20221028,301193,-0.055795,1.0
57592,20221028,300759,-0.074074,0.0
57593,20221028,300759,-0.074074,0.0
57594,20221028,300759,-0.074074,0.0
57595,20221028,300373,0.041768,1.0
57596,20221028,300729,-0.034188,1.0
57597,20221028,300049,0.112969,1.0
57598,20221028,300188,0.100079,0.0
57599,20221028,300647,0.082599,1.0
57600,20221028,300674,0.068308,0.0
57601,20221028,300782,0.064055,1.0
57602,20221028,300782,0.064055,1.0
57603,20221028,300502,0.057645,1.0
57604,20221028,301269,0.052739,0.0
57605,20221028,300856,0.046611,1.0
57606,20221028,300408,0.044886,1.0
57607,20221028,300450,0.040939,1.0
57608,20221028,300628,0.036725,1.0
57609,20221028,301235,0.035104,0.0
57610,20221028,301101,0.032787,1.0
57611,20221028,300792,0.032423,0.0
57612,20221028,300263,0.029718,1.0
57613,20221028,301177,0.025711,1.0
57614,20221028,301177,0.025711,1.0
57615,20221028,301188,0.024493,1.0
57616,20221028,300454,0.02439,0.0
57617,20221028,300915,0.023583,1.0
57618,20221028,300748,0.022817,1.0
57619,20221028,301327,0.022661,1.0
57620,20221028,300967,0.022636,0.0
57621,20221028,300253,0.021097,0.0
57622,20221028,300824,0.019139,1.0
57623,20221028,301102,0.017634,0.0
57624,20221028,300699,0.017038,1.0
57625,20221028,300982,0.016097,0.0
57626,20221028,300378,0.015339,0.0
57627,20221028,300274,0.013862,1.0
57628,20221028,300274,0.013862,1.0
57629,20221028,300274,0.013862,1.0
57630,20221028,300888,0.013825,1.0
57631,20221028,300945,0.013378,1.0
57632,20221028,300034,0.013071,1.0
57633,20221028,300384,0.011721,0.0
57634,20221028,300673,0.010041,1.0
57635,20221028,300760,0.009085,1.0
57636,20221028,301078,0.006036,1.0
57637,20221028,300122,0.006008,1.0
57638,20221028,300308,0.005495,0.0
57639,20221028,300993,0.004751,1.0
57640,20221028,300993,0.004751,1.0
57641,20221028,300740,0.00448,1.0
57642,20221028,300916,0.004473,1.0
57643,20221028,300438,0.00431,1.0
57644,20221028,300783,0.003563,1.0
57645,20221028,301029,0.002674,1.0
57646,20221028,301155,0.000946,1.0
57647,20221028,300790,-0.000649,1.0
57648,20221028,300003,-0.001185,1.0
57649,20221028,300698,-0.001189,1.0
57650,20221028,300751,-0.002798,1.0
57651,20221028,300144,-0.007752,0.0
57652,20221028,300144,-0.007752,0.0
57653,20221028,300567,-0.011583,1.0
57654,20221028,300757,-0.011931,1.0
57655,20221028,301035,-0.012061,1.0
57656,20221028,301035,-0.012061,1.0
57657,20221028,301035,-0.012061,1.0
57658,20221028,300587,-0.01223,1.0
57659,20221028,300662,-0.013186,0.0
57660,20221028,300820,-0.01466,1.0
57661,20221028,300604,-0.02118,1.0
57662,20221028,300896,-0.022294,1.0
57663,20221028,300680,-0.02439,1.0
57664,20221028,300015,-0.024487,1.0
57665,20221028,300861,-0.028476,1.0
57666,20221028,301073,-0.031839,1.0
57667,20221028,300487,-0.032658,1.0
57668,20221028,300729,-0.034188,1.0
57669,20221028,300973,-0.034216,1.0
57670,20221028,300973,-0.034216,1.0
57671,20221028,300973,-0.034216,1.0
57672,20221028,300999,-0.041834,1.0
57673,20221028,300595,-0.050479,1.0
57674,20221028,300724,-0.051366,1.0
57675,20221028,300737,-0.079731,1.0
57676,20221028,300737,-0.079731,1.0
57677,20221031,300144,0.110243,0.0
57678,20221031,300601,0.090296,1.0
57679,20221031,300320,0.084112,1.0
57680,20221031,300896,0.08076,1.0
57681,20221031,300979,0.080315,1.0
57682,20221031,300662,0.076756,1.0
57683,20221031,300662,0.076756,1.0
57684,20221031,300616,0.075482,1.0
57685,20221031,300037,0.066353,1.0
57686,20221031,300037,0.066353,1.0
57687,20221031,300041,0.064601,1.0
57688,20221031,300915,0.064034,1.0
57689,20221031,300860,0.062963,0.0
57690,20221031,300861,0.062866,1.0
57691,20221031,300861,0.062866,1.0
57692,20221031,301177,0.05905,1.0
57693,20221031,301177,0.05905,1.0
57694,20221031,300482,0.050579,1.0
57695,20221031,300168,0.045924,0.0
57696,20221031,300217,0.040917,1.0
57697,20221031,300393,0.039895,1.0
57698,20221031,301193,0.03838,1.0
57699,20221031,300748,0.038151,1.0
57700,20221031,300059,0.037796,0.0
57701,20221031,300095,0.036225,1.0
57702,20221031,300428,0.035586,1.0
57703,20221031,300999,0.035294,1.0
57704,20221031,300031,0.033008,0.0
57705,20221031,301031,0.032015,1.0
57706,20221031,300274,0.031088,1.0
57707,20221031,301061,0.031019,1.0
57708,20221031,300729,0.030341,1.0
57709,20221031,300986,0.02638,1.0
57710,20221031,300244,0.026202,0.0
57711,20221031,300803,0.026144,0.0
57712,20221031,300014,0.025048,1.0
57713,20221031,300014,0.025048,1.0
57714,20221031,300850,0.023203,1.0
57715,20221031,300770,0.022285,0.0
57716,20221031,300770,0.022285,1.0
57717,20221031,301150,0.022279,1.0
57718,20221031,300655,0.015547,1.0
57719,20221031,300373,0.014792,1.0
57720,20221031,300373,0.014792,1.0
57721,20221031,301108,0.014537,1.0
57722,20221031,689009,0.014063,1.0
57723,20221031,300474,0.014057,0.0
57724,20221031,300474,0.014057,1.0
57725,20221031,300474,0.014057,1.0
57726,20221031,300624,0.012708,0.0
57727,20221031,300504,0.012515,1.0
57728,20221031,301166,0.012465,1.0
57729,20221031,300308,0.010929,1.0
57730,20221031,300308,0.010929,1.0
57731,20221031,300763,0.010546,1.0
57732,20221031,300763,0.010546,1.0
57733,20221031,300763,0.010546,1.0
57734,20221031,300065,0.007252,1.0
57735,20221031,300171,0.006003,1.0
57736,20221031,301349,0.003826,1.0
57737,20221031,301327,0.002403,1.0
57738,20221031,300170,0.00223,0.0
57739,20221031,301155,0.00189,1.0
57740,20221031,300760,0.001229,1.0
57741,20221031,300203,0.0,1.0
57742,20221031,300450,-0.008185,1.0
57743,20221031,300450,-0.008185,1.0
57744,20221031,300768,-0.012426,1.0
57745,20221031,300777,-0.012855,1.0
57746,20221031,301080,-0.024927,0.0
57747,20221031,300633,-0.038515,1.0
57748,20221031,300596,-0.041227,1.0
57749,20221101,301102,0.127279,0.0
57750,20221101,300058,0.115304,1.0
57751,20221101,300496,0.079529,1.0
57752,20221101,300496,0.079529,0.0
57753,20221101,301029,0.074257,0.0
57754,20221101,300973,0.067773,1.0
57755,20221101,300973,0.067773,1.0
57756,20221101,300662,0.064935,0.0
57757,20221101,300662,0.064935,0.0
57758,20221101,300802,0.058559,1.0
57759,20221101,300795,0.052134,0.0
57760,20221101,300124,0.05094,1.0
57761,20221101,300014,0.049107,1.0
57762,20221101,301177,0.048248,1.0
57763,20221101,300979,0.046294,1.0
57764,20221101,301221,0.04281,1.0
57765,20221101,300043,0.037931,0.0
57766,20221101,301321,0.033881,0.0
57767,20221101,301122,0.033072,1.0
57768,20221101,300398,0.028555,1.0
57769,20221101,300143,0.028074,0.0
57770,20221101,300035,0.028042,1.0
57771,20221101,300035,0.028042,1.0
57772,20221101,300601,0.027999,1.0
57773,20221101,300251,0.02736,0.0
57774,20221101,301050,0.02703,1.0
57775,20221101,300737,0.026047,1.0
57776,20221101,300737,0.026047,1.0
57777,20221101,300450,0.025765,1.0
57778,20221101,300094,0.025692,1.0
57779,20221101,300570,0.025489,1.0
57780,20221101,300769,0.024325,1.0
57781,20221101,300769,0.024325,1.0
57782,20221101,300073,0.023755,1.0
57783,20221101,300054,0.023177,1.0
57784,20221101,300788,0.021807,0.0
57785,20221101,300476,0.019608,1.0
57786,20221101,689009,0.016949,0.0
57787,20221101,300418,0.014243,0.0
57788,20221101,300759,0.014199,0.0
57789,20221101,301099,0.013557,1.0
57790,20221101,300529,0.012873,0.0
57791,20221101,300378,0.012443,0.0
57792,20221101,301035,0.012324,1.0
57793,20221101,301035,0.012324,0.0
57794,20221101,300122,0.011359,0.0
57795,20221101,300122,0.011359,0.0
57796,20221101,301188,0.011303,1.0
57797,20221101,300363,0.010712,1.0
57798,20221101,300347,0.009723,0.0
57799,20221101,300452,0.009512,0.0
57800,20221101,300999,0.006313,1.0
57801,20221101,300604,0.006192,0.0
57802,20221101,300443,0.005414,1.0
57803,20221101,300059,0.003086,0.0
57804,20221101,300760,0.001749,1.0
57805,20221101,300760,0.001749,1.0
57806,20221101,300760,0.001749,0.0
57807,20221101,300373,0.001151,1.0
57808,20221101,300655,0.0,1.0
57809,20221101,300724,-0.000139,1.0
57810,20221101,300207,-0.000797,1.0
57811,20221101,300207,-0.000797,0.0
57812,20221101,300308,-0.003716,1.0
57813,20221101,300308,-0.003716,1.0
57814,20221101,300751,-0.012845,1.0
57815,20221101,300454,-0.012933,0.0
57816,20221101,300454,-0.012933,0.0
57817,20221101,300762,-0.015212,1.0
57818,20221101,300687,-0.031667,1.0
57819,20221101,300633,-0.036781,1.0
57820,20221101,301327,-0.042261,1.0
57821,20221101,300659,-0.04271,1.0
57822,20221101,300636,-0.050299,0.0
57823,20221101,300395,-0.060448,1.0
57824,20221102,300763,0.056455,1.0
57825,20221102,300861,0.051111,1.0
57826,20221102,300861,0.051111,1.0
57827,20221102,300373,0.045977,1.0
57828,20221102,300776,0.045899,1.0
57829,20221102,300285,0.032927,1.0
57830,20221102,300806,0.031954,1.0
57831,20221102,300655,0.031231,1.0
57832,20221102,300275,0.02762,0.0
57833,20221102,300604,0.027445,0.0
57834,20221102,300871,0.0208,1.0
57835,20221102,300866,0.018781,1.0
57836,20221102,300347,0.013459,0.0
57837,20221102,300607,0.013376,1.0
57838,20221102,300662,0.013279,1.0
57839,20221102,300662,0.013279,0.0
57840,20221102,300662,0.013279,0.0
57841,20221102,300620,0.012873,1.0
57842,20221102,300792,0.010007,0.0
57843,20221102,300973,0.009254,1.0
57844,20221102,300973,0.009254,1.0
57845,20221102,300207,0.008772,1.0
57846,20221102,300873,0.008376,0.0
57847,20221102,300474,0.007968,0.0
57848,20221102,300740,0.006728,0.0
57849,20221102,300308,0.005765,1.0
57850,20221102,300858,0.005637,0.0
57851,20221102,300073,0.004673,1.0
57852,20221102,300825,0.003284,0.0
57853,20221102,300919,0.003108,1.0
57854,20221102,301177,0.00304,1.0
57855,20221102,301177,0.00304,1.0
57856,20221102,300824,0.002265,1.0
57857,20221102,300618,0.001636,1.0
57858,20221102,300618,0.001636,1.0
57859,20221102,300520,0.001096,0.0
57860,20221102,300558,0.000211,0.0
57861,20221102,300660,-0.000379,1.0
57862,20221102,300660,-0.000379,1.0
57863,20221102,300014,-0.00056,1.0
57864,20221102,300406,-0.00332,1.0
57865,20221102,300144,-0.005243,0.0
57866,20221102,300957,-0.005255,1.0
57867,20221102,300035,-0.013639,1.0
57868,20221102,300616,-0.013783,1.0
57869,20221102,300418,-0.014043,0.0
57870,20221102,300687,-0.018589,0.0
57871,20221102,300687,-0.018589,0.0
57872,20221102,300802,-0.020426,1.0
57873,20221102,300737,-0.020852,1.0
57874,20221102,300454,-0.023319,0.0
57875,20221102,300454,-0.023319,0.0
57876,20221102,300378,-0.026257,0.0
57877,20221102,300058,-0.026316,0.0
57878,20221102,300122,-0.027186,1.0
57879,20221102,300674,-0.043478,0.0
57880,20221103,300973,0.081462,1.0
57881,20221103,300662,0.080503,0.0
57882,20221103,300759,0.079077,1.0
57883,20221103,300144,0.04744,0.0
57884,20221103,300144,0.04744,0.0
57885,20221103,300450,0.046181,1.0
57886,20221103,300073,0.043304,1.0
57887,20221103,300890,0.04056,1.0
57888,20221103,300999,0.036802,1.0
57889,20221103,300735,0.029412,1.0
57890,20221103,300413,0.028378,1.0
57891,20221103,300957,0.026979,1.0
57892,20221103,300661,0.026767,1.0
57893,20221103,300873,0.025641,1.0
57894,20221103,300348,0.025268,0.0
57895,20221103,301029,0.02439,1.0
57896,20221103,300196,0.02008,1.0
57897,20221103,300498,0.018388,0.0
57898,20221103,300433,0.018,1.0
57899,20221103,300613,0.015535,1.0
57900,20221103,300454,0.014134,0.0
57901,20221103,300418,0.011244,1.0
57902,20221103,300782,0.007114,1.0
57903,20221103,300203,0.004785,0.0
57904,20221103,300624,0.001285,0.0
57905,20221103,300124,-0.001002,1.0
57906,20221103,300856,-0.006153,0.0
57907,20221103,300777,-0.008929,0.0
57908,20221103,300723,-0.01005,1.0
57909,20221103,300760,-0.012634,1.0
57910,20221103,300760,-0.012634,1.0
57911,20221103,300760,-0.012634,1.0
57912,20221103,300101,-0.024935,1.0
57913,20221104,300529,0.036969,1.0
57914,20221104,300763,0.018731,1.0
57915,20221104,300642,0.017429,1.0
57916,20221104,300578,0.014851,0.0
57917,20221104,300766,0.007569,0.0
57918,20221104,301198,0.006933,0.0
57919,20221104,301071,0.006257,1.0
57920,20221104,300911,0.004435,1.0
57921,20221104,300957,0.002388,1.0
57922,20221104,300973,0.000652,1.0
57923,20221104,300973,0.000652,1.0
57924,20221104,300482,-0.000878,1.0
57925,20221104,300856,-0.001592,1.0
57926,20221104,300454,-0.002835,0.0
57927,20221104,300003,-0.003183,0.0
57928,20221104,300740,-0.00401,1.0
57929,20221104,300740,-0.00401,1.0
57930,20221104,300308,-0.006275,1.0
57931,20221104,300308,-0.006275,0.0
57932,20221104,300531,-0.006433,1.0
57933,20221104,300294,-0.008847,1.0
57934,20221104,300124,-0.009742,1.0
57935,20221104,300415,-0.010128,1.0
57936,20221104,301177,-0.011151,1.0
57937,20221104,300979,-0.011453,1.0
57938,20221104,300775,-0.017303,1.0
57939,20221104,300590,-0.018699,1.0
57940,20221104,300861,-0.026541,1.0
57941,20221104,301266,-0.029237,1.0
57942,20221104,300666,-0.034051,1.0
57943,20221104,301050,-0.036712,1.0
57944,20221104,300996,-0.053787,0.0
57945,20221104,300203,-0.079365,1.0
57946,20221104,300631,0.03217,1.0
57947,20221104,301349,0.025782,1.0
57948,20221104,300662,0.017079,1.0
57949,20221104,300802,0.004357,0.0
57950,20221104,300587,0.000775,1.0
57951,20221104,300001,-0.004932,0.0
57952,20221104,300181,-0.015385,0.0
57953,20221104,301268,-0.041719,1.0
57954,20221107,300366,0.034545,1.0
57955,20221107,300474,0.029458,0.0
57956,20221107,300577,0.022293,1.0
57957,20221107,300785,0.021032,0.0
57958,20221107,300369,0.019056,0.0
57959,20221107,300065,0.012811,1.0
57960,20221107,300768,0.008135,0.0
57961,20221107,300525,0.006211,0.0
57962,20221107,301308,0.003839,1.0
57963,20221107,300031,0.003591,1.0
57964,20221107,300181,0.002757,1.0
57965,20221107,300358,0.002356,1.0
57966,20221107,300124,0.002025,1.0
57967,20221107,300777,0.0,1.0
57968,20221107,300777,0.0,1.0
57969,20221107,301162,-0.00403,0.0
57970,20221107,300354,-0.004632,1.0
57971,20221107,300136,-0.004665,0.0
57972,20221107,300769,-0.006536,1.0
57973,20221107,300871,-0.007829,0.0
57974,20221107,300848,-0.010146,1.0
57975,20221107,301058,-0.010268,1.0
57976,20221107,300351,-0.012675,1.0
57977,20221107,300737,-0.014665,1.0
57978,20221107,300389,-0.01494,1.0
57979,20221107,300861,-0.015411,1.0
57980,20221107,300041,-0.018489,1.0
57981,20221107,300792,-0.018954,0.0
57982,20221107,300498,-0.022129,0.0
57983,20221107,300973,-0.027048,0.0
57984,20221107,300860,-0.030437,1.0
57985,20221107,300548,-0.032116,1.0
57986,20221107,301221,-0.033692,0.0
57987,20221107,301278,-0.045774,1.0
57988,20221108,300806,0.072452,1.0
57989,20221108,300404,0.052891,0.0
57990,20221108,300820,0.028023,0.0
57991,20221108,301018,0.014356,1.0
57992,20221108,300602,0.006928,1.0
57993,20221108,300357,0.006251,1.0
57994,20221108,301103,0.0017,0.0
57995,20221108,300755,-0.001585,1.0
57996,20221108,300499,-0.009786,1.0
57997,20221108,300547,-0.014561,1.0
57998,20221108,300054,-0.015062,0.0
57999,20221108,301122,-0.018282,0.0
58000,20221108,300443,-0.025239,1.0
58001,20221108,300674,-0.026395,0.0
58002,20221109,300850,0.002856,1.0
58003,20221109,300628,-0.001039,1.0
58004,20221109,301080,-0.004393,0.0
58005,20221109,301080,-0.004393,0.0
58006,20221109,300699,-0.007431,1.0
58007,20221109,300607,-0.00848,1.0
58008,20221109,300012,-0.01101,0.0
58009,20221109,300379,-0.015494,0.0
58010,20221109,300037,-0.015591,1.0
58011,20221109,300900,-0.021014,1.0
58012,20221109,300394,-0.023734,1.0
58013,20221109,300207,-0.027101,1.0
58014,20221109,300443,-0.027415,1.0
58015,20221109,301327,-0.028781,1.0
58016,20221109,300655,-0.028799,1.0
58017,20221109,300122,-0.03751,1.0
58018,20221109,300820,-0.074233,1.0
58019,20221110,300979,0.053996,0.0
58020,20221110,300019,0.049693,1.0
58021,20221110,300012,0.029526,0.0
58022,20221110,300012,0.029526,0.0
58023,20221110,300709,0.011549,0.0
58024,20221110,300151,-0.008282,1.0
58025,20221110,300151,-0.008282,1.0
58026,20221110,300860,-0.013879,0.0
58027,20221110,300842,-0.022686,0.0
58028,20221110,301179,-0.027308,0.0
58029,20221110,300776,-0.028809,1.0
58030,20221110,300774,-0.029758,0.0
58031,20221110,300520,-0.040806,0.0
58032,20221110,300440,-0.048721,0.0
58033,20221111,301302,0.018734,1.0
58034,20221111,300638,0.006771,1.0
58035,20221111,300979,0.001639,1.0
58036,20221111,300316,-0.021214,0.0
58037,20221111,300144,-0.025792,0.0
58038,20221111,300750,-0.038014,1.0
58039,20221111,300438,-0.059092,1.0
58040,20221111,300418,0.013601,0.0
58041,20221111,300975,0.011645,1.0
58042,20221111,301191,0.009209,1.0
58043,20221111,300647,0.008658,1.0
58044,20221111,300984,0.000879,0.0
58045,20221114,300223,0.098383,1.0
58046,20221114,300285,0.083691,1.0
58047,20221114,300413,0.055112,0.0
58048,20221114,300059,0.053621,1.0
58049,20221114,300706,0.050886,1.0
58050,20221114,301095,0.050586,0.0
58051,20221114,300996,0.04148,0.0
58052,20221114,300054,0.039093,1.0
58053,20221114,300054,0.039093,1.0
58054,20221114,300957,0.037241,1.0
58055,20221114,300248,0.035714,0.0
58056,20221114,300866,0.034864,1.0
58057,20221114,300969,0.033963,0.0
58058,20221114,300124,0.028755,1.0
58059,20221114,301073,0.028119,1.0
58060,20221114,300750,0.023245,0.0
58061,20221114,300475,0.019149,1.0
58062,20221114,300894,0.018777,1.0
58063,20221114,300015,0.016999,1.0
58064,20221114,300627,0.01445,1.0
58065,20221114,300896,0.013912,0.0
58066,20221114,300979,0.013502,1.0
58067,20221114,300788,0.012531,0.0
58068,20221114,300695,0.011796,1.0
58069,20221114,300811,0.008899,0.0
58070,20221114,300824,0.003293,1.0
58071,20221114,301096,0.002868,0.0
58072,20221114,300007,-0.000516,1.0
58073,20221114,300871,-0.003956,1.0
58074,20221115,300382,0.017932,0.0
58075,20221115,300795,-0.004865,0.0
58076,20221115,300174,-0.005891,1.0
58077,20221115,301150,-0.010369,1.0
58078,20221115,300657,-0.022186,1.0
58079,20221115,301095,-0.050171,0.0
58080,20221115,301095,-0.050171,0.0
58081,20221116,300531,0.028592,1.0
58082,20221116,300638,0.026705,1.0
58083,20221116,301062,0.023359,1.0
58084,20221116,300119,0.014286,1.0
58085,20221116,300558,-0.001679,1.0
58086,20221116,300421,-0.006338,1.0
58087,20221116,300982,-0.017042,0.0
58088,20221116,300073,-0.0192,0.0
58089,20221117,301155,0.047702,1.0
58090,20221117,301289,0.00822,0.0
58091,20221117,300382,-0.028092,0.0
58092,20221117,300586,-0.028585,1.0
58093,20221118,300686,0.092832,1.0
58094,20221118,300724,0.048733,0.0
58095,20221118,300450,0.021295,0.0
58096,20221118,300696,0.014827,1.0
58097,20221118,300855,0.009063,0.0
58098,20221118,300026,-0.006887,1.0
58099,20221118,300363,-0.007137,0.0
58100,20221118,300122,0.032573,1.0
58101,20221118,300054,-0.00046,1.0
58102,20221121,300132,0.049598,1.0
58103,20221121,300793,0.0,1.0
58104,20221121,300628,-0.008,1.0
58105,20221121,300724,-0.010771,1.0
58106,20221121,300724,-0.010771,1.0
58107,20221121,300353,-0.01497,1.0
58108,20221121,300229,-0.027633,0.0
58109,20221121,300122,-0.028391,1.0
58110,20221121,300181,-0.059105,1.0
58111,20221122,300566,0.082331,1.0
58112,20221122,300633,0.014339,1.0
58113,20221122,300751,0.014002,0.0
58114,20221122,300365,0.011527,1.0
58115,20221122,301129,0.009698,1.0
58116,20221122,300314,0.0,1.0
58117,20221122,300700,-0.004362,1.0
58118,20221122,300674,-0.022411,0.0
58119,20221122,300494,-0.028822,0.0
58120,20221122,300586,-0.032455,1.0
58121,20221122,300586,-0.032455,1.0
58122,20221123,300438,0.122224,1.0
58123,20221123,301088,0.031059,1.0
58124,20221123,300687,0.029185,0.0
58125,20221123,300724,7.5e-05,0.0
58126,20221123,300166,-0.006912,0.0
58127,20221123,300118,-0.009029,1.0
58128,20221123,300345,-0.010941,1.0
58129,20221124,300553,-0.023058,1.0
58130,20221124,300915,-0.034003,1.0
58131,20221124,300057,-0.068241,1.0
58132,20221125,300471,-0.002239,1.0
58133,20221125,301004,-0.006697,1.0
58134,20221125,300026,-0.012048,1.0
58135,20221125,301101,-0.012853,1.0
58136,20221125,301101,-0.012853,1.0
58137,20221125,301101,-0.012853,1.0
58138,20221125,301101,-0.012853,1.0
58139,20221125,300740,-0.013571,1.0
58140,20221125,300986,-0.016022,1.0
58141,20221125,300858,-0.016982,1.0
58142,20221125,300144,0.049324,0.0
58143,20221125,300144,0.049324,0.0
58144,20221125,300918,0.044956,1.0
58145,20221125,300861,0.029332,1.0
58146,20221125,300014,0.008148,1.0
58147,20221125,300181,0.00251,1.0
58148,20221125,300498,0.0,0.0
58149,20221125,301101,-0.012853,1.0
58150,20221125,300542,-0.026297,0.0
58151,20221128,300144,0.070508,1.0
58152,20221128,300592,0.039349,1.0
58153,20221128,301035,0.030559,0.0
58154,20221128,301035,0.030559,1.0
58155,20221128,300793,0.023488,1.0
58156,20221128,301101,0.011285,0.0
58157,20221128,300559,0.005618,0.0
58158,20221128,300054,0.002733,1.0
58159,20221128,300132,0.0,1.0
58160,20221128,300648,-0.025188,1.0
58161,20221129,300693,0.008558,1.0
58162,20221129,300806,0.001558,1.0
58163,20221129,300587,-0.001587,1.0
58164,20221129,301030,-0.007891,1.0
58165,20221129,301071,-0.014999,1.0
58166,20221129,300782,-0.021922,1.0
58167,20221129,300802,-0.026843,0.0
58168,20221129,300365,-0.028846,0.0
58169,20221130,300957,0.044741,1.0
58170,20221130,300015,0.044649,0.0
58171,20221130,301191,0.023212,1.0
58172,20221130,300866,0.015649,1.0
58173,20221130,300408,0.00994,0.0
58174,20221130,300144,-0.006342,0.0
58175,20221130,301162,-0.011902,0.0
58176,20221130,301101,-0.014004,0.0
58177,20221130,301039,-0.015556,1.0
58178,20221201,301327,0.028001,1.0
58179,20221201,300718,0.027397,1.0
58180,20221201,300296,0.005085,1.0
58181,20221201,300957,-0.008988,1.0
58182,20221202,300973,0.033262,1.0
58183,20221202,300755,0.032468,1.0
58184,20221202,300015,0.026862,1.0
58185,20221202,300454,-0.008008,1.0
58186,20221202,300718,-0.008762,1.0
58187,20221202,300782,-0.019237,1.0
58188,20221202,301035,-0.028556,1.0
58189,20221202,300332,-0.031758,1.0
58190,20221202,300332,-0.031758,1.0
58191,20221202,300212,0.04186,1.0
58192,20221202,300803,0.039053,1.0
58193,20221202,300973,0.033262,1.0
58194,20221202,300229,0.017332,1.0
58195,20221202,300832,-0.040246,1.0
58196,20221202,300724,-0.0535,1.0
58197,20221205,300893,0.011879,1.0
58198,20221205,300498,-0.00107,0.0
58199,20221205,300188,-0.020759,1.0
58200,20221206,300796,0.067479,1.0
58201,20221206,301328,0.065819,1.0
58202,20221206,300073,0.037255,1.0
58203,20221206,300498,0.002141,0.0
58204,20221206,300757,-0.000976,1.0
58205,20221206,300679,-0.002904,1.0
58206,20221206,301099,-0.003945,1.0
58207,20221206,301058,-0.004797,1.0
58208,20221206,301195,-0.00554,1.0
58209,20221206,300827,-0.008081,1.0
58210,20221207,300438,0.048895,1.0
58211,20221207,300073,-0.010284,1.0
58212,20221207,300034,-0.012699,1.0
58213,20221208,300661,0.02884,1.0
58214,20221208,300757,0.023137,1.0
58215,20221208,300360,-0.011955,1.0
58216,20221208,300919,-0.013092,1.0
58217,20221209,300327,0.062278,1.0
58218,20221209,300531,0.019302,1.0
58219,20221209,300179,0.015785,1.0
58220,20221209,300179,0.015785,1.0
58221,20221209,300450,0.015224,1.0
58222,20221209,300351,0.00931,1.0
58223,20221209,300035,-0.011299,1.0
58224,20221209,300750,-0.02414,1.0
58225,20221209,300015,-0.001383,1.0
58226,20221209,300750,-0.02414,1.0
58227,20221212,300498,0.049972,0.0
58228,20221212,300979,0.039246,1.0
58229,20221212,300979,0.039246,1.0
58230,20221212,300068,0.038672,1.0
58231,20221212,300510,-0.018519,1.0
58232,20221212,300174,-0.029927,1.0
58233,20221212,300745,-0.03118,1.0
58234,20221212,300396,-0.035048,1.0
58235,20221213,301102,0.056639,1.0
58236,20221213,300957,0.025123,1.0
58237,20221213,300979,0.006966,1.0
58238,20221213,300979,0.006966,1.0
58239,20221213,300979,0.006966,1.0
58240,20221213,301155,0.003482,1.0
58241,20221213,300014,0.000453,1.0
58242,20221213,300767,-0.015565,1.0
58243,20221213,300737,-0.020015,1.0
58244,20221213,300181,-0.023873,1.0
58245,20221213,300365,-0.078842,1.0
58246,20221214,300835,0.096664,1.0
58247,20221214,300351,0.091054,1.0
58248,20221214,300750,0.053443,1.0
58249,20221214,301266,0.038229,1.0
58250,20221214,300679,0.027489,1.0
58251,20221214,300037,0.021406,1.0
58252,20221214,300268,0.01943,1.0
58253,20221214,301289,0.013267,1.0
58254,20221214,300365,-0.045504,1.0
58255,20221214,301073,-0.053508,1.0
58256,20221215,300294,0.041667,1.0
58257,20221215,300285,0.012346,1.0
58258,20221215,301328,0.008634,1.0
58259,20221215,300791,-0.009685,1.0
58260,20221215,301193,-0.022582,1.0
58261,20221216,300745,0.040822,1.0
58262,20221216,300014,0.01864,1.0
58263,20221216,300835,0.003426,1.0
58264,20221216,300666,0.002766,1.0
58265,20221216,300217,0.001608,1.0
58266,20221216,300833,0.000238,1.0
58267,20221216,300687,-0.013456,1.0
58268,20221216,301198,-0.027354,1.0
58269,20221216,300858,0.048813,1.0
58270,20221216,300068,0.005444,1.0
58271,20221216,300871,-0.033162,1.0
58272,20221219,300394,0.018823,1.0
58273,20221219,300382,0.018267,1.0
58274,20221219,300057,0.004287,1.0
58275,20221219,301095,0.00043,1.0
58276,20221219,300776,-0.011521,1.0
58277,20221219,300059,-0.013193,1.0
58278,20221219,300740,-0.023948,1.0
58279,20221219,301171,-0.050664,1.0
58280,20221220,300680,-0.015444,1.0
58281,20221220,300793,-0.016837,1.0
58282,20221220,300863,-0.019263,1.0
58283,20221220,300786,-0.02125,1.0
58284,20221221,300796,0.007851,1.0
58285,20221221,300351,-0.040602,1.0
58286,20221222,300452,-0.002538,1.0
58287,20221222,300723,-0.003337,1.0
58288,20221222,300750,-0.008756,1.0
58289,20221222,301177,-0.027516,1.0
58290,20221223,300054,0.033509,1.0
58291,20221223,300363,0.02676,1.0
58292,20221223,300756,0.0227,1.0
58293,20221223,300316,0.009476,1.0
58294,20221223,300832,-0.016812,1.0
58295,20221223,300351,0.200319,1.0
58296,20221223,301327,0.055385,1.0
58297,20221223,300698,0.035268,1.0
58298,20221223,300662,-0.023368,1.0
58299,20221223,300595,-0.024103,1.0
58300,20221226,300661,0.023754,1.0
58301,20221226,301193,0.016075,1.0
58302,20221226,301193,0.016075,1.0
58303,20221226,300230,0.015707,1.0
58304,20221226,300782,0.014357,1.0
58305,20221226,300014,0.001533,1.0
58306,20221226,300607,-0.001383,1.0
58307,20221226,300410,-0.004464,1.0
58308,20221226,300863,-0.016831,1.0
58309,20221227,300757,0.014049,1.0
58310,20221227,301080,0.000286,1.0
58311,20221227,300790,-0.003281,1.0
58312,20221227,300627,-0.004751,1.0
58313,20221227,300855,-0.008813,1.0
58314,20221227,300474,-0.013355,1.0
58315,20221227,300061,-0.017964,1.0
58316,20221227,300450,-0.024091,1.0
58317,20221227,300161,-0.030769,1.0
58318,20221227,300496,-0.037425,1.0
58319,20221228,301195,0.040716,1.0
58320,20221228,300900,0.018618,1.0
58321,20221228,300122,0.011453,1.0
58322,20221228,300607,0.009852,1.0
58323,20221228,300510,0.003817,1.0
58324,20221228,301073,0.002923,1.0
58325,20221228,300980,0.000568,1.0
58326,20221228,300855,-0.01737,1.0
58327,20221229,300790,0.002692,1.0
58328,20221229,300035,-0.004354,1.0
58329,20221229,301015,-0.006667,1.0
58330,20221229,300223,-0.009143,1.0
58331,20221229,301266,-0.009823,1.0
58332,20221229,300438,-0.010279,1.0
58333,20221229,301162,-0.011147,1.0
58334,20221229,300014,-0.022356,1.0
58335,20221229,300404,-0.0225,1.0
58336,20221230,300308,0.046985,1.0
58337,20221230,301092,0.038233,1.0
58338,20221230,300494,0.026122,1.0
58339,20221230,300855,0.042317,1.0
58340,20221230,300873,0.008103,1.0
58341,20221230,300308,0.046985,1.0
58342,20221230,300559,0.040282,1.0
58343,20221230,301349,0.026344,1.0
58344,20230103,300870,0.057692,1.0
58345,20230103,300146,0.024229,1.0
58346,20230103,300825,-0.002669,1.0
58347,20230103,300217,-0.013675,1.0
58348,20230103,300776,-0.036957,1.0
58349,20230103,300776,-0.036957,1.0
58350,20230103,300776,-0.036957,1.0
58351,20230104,300217,0.02773,1.0
58352,20230104,300217,0.02773,1.0
58353,20230104,300015,0.01955,1.0
58354,20230104,300596,-0.020364,1.0
58355,20230105,300700,0.035714,1.0
58356,20230105,300015,-0.01598,1.0
58357,20230105,300015,-0.01598,1.0
58358,20230105,300015,-0.01598,1.0
58359,20230105,300894,-0.026948,1.0
58360,20230105,300894,-0.026948,1.0
58361,20230105,300957,-0.037111,1.0
58362,20230106,301102,0.076608,1.0
58363,20230106,300894,0.0337,1.0
58364,20230106,300896,0.031255,1.0
58365,20230106,300389,0.030937,1.0
58366,20230106,300723,0.012632,1.0
58367,20230106,300680,0.004954,1.0
58368,20230106,300791,-0.010278,1.0
58369,20230106,300863,0.094105,1.0
58370,20230106,300863,0.094105,0.0
58371,20230106,300586,0.014423,0.0
58372,20230106,300438,0.012981,1.0
58373,20230106,301073,0.008418,1.0
58374,20230106,300413,-0.022296,1.0
58375,20230106,300587,-0.051145,1.0
58376,20230109,301198,0.054811,1.0
58377,20230109,300015,0.037025,1.0
58378,20230109,300723,0.00052,1.0
58379,20230109,300337,-0.001181,1.0
58380,20230109,300037,-0.014902,0.0
58381,20230109,300775,-0.014953,1.0
58382,20230110,300033,-0.001667,1.0
58383,20230110,300777,-0.001837,1.0
58384,20230110,300160,-0.00761,1.0
58385,20230110,301030,-0.094852,1.0
58386,20230111,300499,0.077117,1.0
58387,20230111,300009,0.029245,0.0
58388,20230111,301101,0.020645,1.0
58389,20230111,300614,0.018338,1.0
58390,20230111,300918,0.017034,1.0
58391,20230111,300918,0.017034,1.0
58392,20230111,300627,0.008116,1.0
58393,20230111,300723,0.006038,1.0
58394,20230111,301050,0.002281,1.0
58395,20230111,300858,-0.001406,1.0
58396,20230111,300587,-0.005761,1.0
58397,20230111,300786,-0.008254,1.0
58398,20230111,301015,-0.017524,1.0
58399,20230111,300593,-0.019668,1.0
58400,20230112,300529,0.066188,1.0
58401,20230112,300537,0.04878,1.0
58402,20230112,300795,0.034303,1.0
58403,20230112,300795,0.034303,1.0
58404,20230112,301101,0.030499,1.0
58405,20230112,301101,0.030499,1.0
58406,20230112,301101,0.030499,1.0
58407,20230112,300009,0.018332,1.0
58408,20230112,300073,0.015876,1.0
58409,20230112,300073,0.015876,1.0
58410,20230112,300856,0.014346,1.0
58411,20230112,300856,0.014346,1.0
58412,20230112,300856,0.014346,1.0
58413,20230112,300856,0.014346,1.0
58414,20230112,301015,0.012796,1.0
58415,20230112,300773,0.004197,1.0
58416,20230112,300888,0.00254,1.0
58417,20230112,300888,0.00254,1.0
58418,20230112,300888,0.00254,1.0
58419,20230112,300168,-0.00123,1.0
58420,20230112,300634,-0.007389,1.0
58421,20230112,300014,-0.010018,1.0
58422,20230112,300627,-0.012251,1.0
58423,20230112,300627,-0.012251,1.0
58424,20230112,301029,-0.023063,1.0
58425,20230112,300699,-0.026222,1.0
58426,20230112,300351,-0.029557,1.0
58427,20230113,300212,0.028931,1.0
58428,20230113,300733,0.016644,1.0
58429,20230113,300750,0.016223,1.0
58430,20230113,300750,0.016223,1.0
58431,20230113,300888,0.014937,1.0
58432,20230113,300888,0.014937,1.0
58433,20230113,300382,0.014054,1.0
58434,20230113,300707,0.010632,1.0
58435,20230113,300525,0.004358,1.0
58436,20230113,300699,0.003347,1.0
58437,20230113,300510,0.003311,1.0
58438,20230113,301101,0.000153,1.0
58439,20230113,301101,0.000153,1.0
58440,20230113,301099,-0.001555,1.0
58441,20230113,300349,-0.001951,1.0
58442,20230113,300014,-0.007976,1.0
58443,20230113,300332,0.02294,1.0
58444,20230113,300332,0.02294,1.0
58445,20230113,300795,0.01779,0.0
58446,20230113,300750,0.016223,0.0
58447,20230113,300888,0.014937,1.0
58448,20230113,300919,0.000962,1.0
58449,20230113,301101,0.000153,0.0
58450,20230113,300014,-0.007976,1.0
58451,20230113,301268,-0.010098,1.0
58452,20230113,300073,-0.028286,1.0
58453,20230113,300199,-0.055587,1.0
58454,20230113,300553,-0.08725,1.0
58455,20230116,300168,0.027187,1.0
58456,20230116,300803,0.018437,1.0
58457,20230116,300856,0.012848,1.0
58458,20230116,300628,0.012583,1.0
58459,20230116,300628,0.012583,1.0
58460,20230116,300628,0.012583,1.0
58461,20230116,300442,0.002826,1.0
58462,20230116,300592,-0.00065,1.0
58463,20230116,300919,-0.001923,1.0
58464,20230116,300750,-0.002284,1.0
58465,20230116,300761,-0.005202,0.0
58466,20230116,301268,-0.006355,1.0
58467,20230116,300850,-0.013313,1.0
58468,20230116,300532,-0.017857,1.0
58469,20230116,300363,-0.035357,1.0
58470,20230116,300363,-0.035357,0.0
58471,20230117,301077,0.010268,1.0
58472,20230117,300073,0.006833,1.0
58473,20230117,300750,0.006485,1.0
58474,20230117,300750,0.006485,1.0
58475,20230117,300684,0.005646,1.0
58476,20230117,300354,0.00045,1.0
58477,20230117,300286,0.0,1.0
58478,20230117,301162,-0.017504,1.0
58479,20230117,301062,-0.045226,1.0
58480,20230117,301328,-0.05188,1.0
58481,20230118,300363,0.064306,1.0
58482,20230118,300332,0.021845,1.0
58483,20230118,301102,0.021025,1.0
58484,20230118,300351,0.018018,1.0
58485,20230118,301030,0.013406,1.0
58486,20230118,300824,0.012371,1.0
58487,20230118,300824,0.012371,1.0
58488,20230118,300327,0.009209,1.0
58489,20230118,300454,0.009115,0.0
58490,20230118,300487,0.006477,1.0
58491,20230118,300354,0.002022,1.0
58492,20230118,300354,0.002022,1.0
58493,20230118,300957,0.000715,1.0
58494,20230118,300592,0.000653,1.0
58495,20230118,300073,0.000631,1.0
58496,20230118,300012,-0.00086,1.0
58497,20230118,300012,-0.00086,1.0
58498,20230118,301193,-0.002747,1.0
58499,20230118,300750,-0.003857,1.0
58500,20230118,300014,-0.006289,1.0
58501,20230118,300820,-0.008879,1.0
58502,20230118,300586,-0.021425,1.0
58503,20230119,300634,0.019597,1.0
58504,20230119,300888,0.01211,1.0
58505,20230119,300442,0.003515,1.0
58506,20230119,300258,-0.000802,1.0
58507,20230119,300416,-0.002702,1.0
58508,20230119,300054,-0.004783,1.0
58509,20230119,300454,-0.009226,0.0
58510,20230119,300454,-0.009226,0.0
58511,20230119,300824,-0.01222,1.0
58512,20230119,301096,-0.025854,1.0
58513,20230120,300416,0.070775,1.0
58514,20230120,300532,0.040877,1.0
58515,20230120,300763,0.038268,1.0
58516,20230120,300861,0.037442,1.0
58517,20230120,300438,0.030083,1.0
58518,20230120,300258,0.027287,1.0
58519,20230120,300012,0.02419,1.0
58520,20230120,300316,0.023152,1.0
58521,20230120,300316,0.023152,1.0
58522,20230120,300316,0.023152,1.0
58523,20230120,300316,0.023152,1.0
58524,20230120,300855,0.022355,1.0
58525,20230120,300782,0.020209,1.0
58526,20230120,300782,0.020209,1.0
58527,20230120,300274,0.018281,1.0
58528,20230120,300019,0.011059,1.0
58529,20230120,300037,0.010755,1.0
58530,20230120,300856,0.008054,1.0
58531,20230120,300595,0.00664,1.0
58532,20230120,300724,0.00311,1.0
58533,20230120,300487,-0.008178,0.0
58534,20230120,300604,-0.011317,1.0
58535,20230120,301263,-0.019467,1.0
58536,20230120,301263,-0.019467,1.0
58537,20230120,300454,0.048447,1.0
58538,20230120,300750,0.041261,1.0
58539,20230120,300532,0.040877,1.0
58540,20230120,300059,-0.014206,0.0
58541,20230120,300454,0.048447,1.0
58542,20230120,300014,0.032992,1.0
58543,20230120,301193,0.021393,1.0
58544,20230120,300750,0.041261,1.0
58545,20230120,300408,-0.00087,1.0
58546,20230120,301198,-0.026174,1.0
58547,20230120,301308,0.027691,1.0
58548,20230120,300973,-0.008668,1.0
58549,20230120,300973,-0.008668,1.0
58550,20230120,300973,-0.008668,1.0
58551,20230120,300059,-0.014206,0.0
58552,20230120,300413,-0.03086,1.0
58553,20230130,301030,0.032821,1.0
58554,20230130,300757,0.024898,1.0
58555,20230130,300667,0.022392,1.0
58556,20230130,300034,0.015141,1.0
58557,20230130,300515,0.008785,1.0
58558,20230130,301096,-0.005395,1.0
58559,20230130,300450,-0.006033,1.0
58560,20230130,300143,-0.006071,1.0
58561,20230130,300274,-0.006875,1.0
58562,20230130,300274,-0.006875,1.0
58563,20230130,300274,-0.006875,1.0
58564,20230130,301095,-0.010983,1.0
58565,20230130,301095,-0.010983,1.0
58566,20230130,300058,-0.011194,1.0
58567,20230130,300122,-0.014703,1.0
58568,20230130,300122,-0.014703,1.0
58569,20230130,300122,-0.014703,1.0
58570,20230130,300122,-0.014703,1.0
58571,20230130,300415,-0.017025,1.0
58572,20230130,300059,-0.017904,0.0
58573,20230130,300059,-0.017904,1.0
58574,20230130,300059,-0.017904,0.0
58575,20230130,300413,-0.01962,1.0
58576,20230130,300413,-0.01962,1.0
58577,20230130,300382,-0.027979,1.0
58578,20230131,300393,0.083053,1.0
58579,20230131,300793,0.049191,1.0
58580,20230131,300061,0.042877,1.0
58581,20230131,300059,0.038684,0.0
58582,20230131,300026,0.038462,1.0
58583,20230131,300568,0.034409,1.0
58584,20230131,300490,0.034188,1.0
58585,20230131,300803,0.031111,0.0
58586,20230131,300803,0.031111,0.0
58587,20230131,300308,0.025086,1.0
58588,20230131,300223,0.020938,1.0
58589,20230131,300144,0.02069,1.0
58590,20230131,300094,0.017889,1.0
58591,20230131,300003,0.014785,1.0
58592,20230131,301004,0.01046,1.0
58593,20230131,301004,0.01046,1.0
58594,20230131,300054,0.009615,1.0
58595,20230131,301129,0.008782,1.0
58596,20230131,300115,0.007831,1.0
58597,20230131,300438,0.00526,1.0
58598,20230131,300775,0.003846,1.0
58599,20230131,300662,0.003792,1.0
58600,20230131,300662,0.003792,1.0
58601,20230131,300394,0.002111,1.0
58602,20230131,300494,0.001863,1.0
58603,20230131,301155,0.001514,1.0
58604,20230131,300577,-0.001188,1.0
58605,20230131,300577,-0.001188,1.0
58606,20230131,301071,-0.004096,1.0
58607,20230131,300122,-0.009199,1.0
58608,20230131,300122,-0.009199,1.0
58609,20230131,300179,-0.011142,1.0
58610,20230131,300179,-0.011142,1.0
58611,20230131,300700,-0.011543,1.0
58612,20230131,300575,-0.023148,1.0
58613,20230131,300298,-0.033526,1.0
58614,20230131,301035,-0.03956,1.0
58615,20230201,300413,0.067949,1.0
58616,20230201,300558,0.059937,1.0
58617,20230201,300973,0.049356,1.0
58618,20230201,300552,0.04637,1.0
58619,20230201,300759,0.04453,1.0
58620,20230201,300759,0.04453,1.0
58621,20230201,300394,0.031952,1.0
58622,20230201,300394,0.031952,1.0
58623,20230201,300394,0.031952,1.0
58624,20230201,301095,0.02281,1.0
58625,20230201,300308,0.017432,1.0
58626,20230201,300308,0.017432,1.0
58627,20230201,300308,0.017432,1.0
58628,20230201,300308,0.017432,1.0
58629,20230201,300122,0.013514,1.0
58630,20230201,300737,0.013294,1.0
58631,20230201,300673,0.011957,1.0
58632,20230201,301155,0.000806,1.0
58633,20230201,300525,-0.000467,1.0
58634,20230201,300662,-0.003976,1.0
58635,20230201,300607,-0.00672,1.0
58636,20230201,300607,-0.00672,1.0
58637,20230201,300607,-0.00672,1.0
58638,20230201,300433,-0.006757,1.0
58639,20230201,300499,-0.007452,1.0
58640,20230201,300408,-0.008982,1.0
58641,20230201,300719,-0.009084,1.0
58642,20230201,301031,-0.010984,1.0
58643,20230201,300450,-0.013209,1.0
58644,20230201,300450,-0.013209,1.0
58645,20230201,300450,-0.013209,1.0
58646,20230201,300745,-0.013929,1.0
58647,20230201,301188,-0.019282,1.0
58648,20230201,300059,-0.028253,1.0
58649,20230202,300229,0.058046,1.0
58650,20230202,300687,0.037719,1.0
58651,20230202,300511,0.014286,0.0
58652,20230202,300633,0.006931,1.0
58653,20230202,300196,-0.006464,1.0
58654,20230202,300577,-0.009507,1.0
58655,20230202,300577,-0.009507,1.0
58656,20230202,300919,-0.012071,1.0
58657,20230202,301035,-0.016387,1.0
58658,20230202,300748,-0.017306,1.0
58659,20230202,300498,-0.017849,0.0
58660,20230202,300498,-0.017849,0.0
58661,20230202,300498,-0.017849,0.0
58662,20230202,300782,-0.020099,1.0
58663,20230202,301155,-0.024776,1.0
58664,20230202,301071,-0.026215,1.0
58665,20230202,301071,-0.026215,1.0
58666,20230203,300418,0.06,1.0
58667,20230203,300498,0.016208,0.0
58668,20230203,300498,0.016208,1.0
58669,20230203,300682,0.006642,1.0
58670,20230203,300170,-0.002863,1.0
58671,20230203,300811,-0.011242,1.0
58672,20230203,300408,-0.01748,1.0
58673,20230203,300737,-0.047372,1.0
58674,20230203,300286,0.017273,1.0
58675,20230203,300498,0.016208,0.0
58676,20230203,300348,0.011182,1.0
58677,20230203,300751,0.004475,1.0
58678,20230203,300456,-0.00672,1.0
58679,20230203,300662,-0.021892,1.0
58680,20230203,300537,-0.022539,1.0
58681,20230206,300033,0.053343,1.0
58682,20230206,300715,0.024544,1.0
58683,20230206,300415,0.02,1.0
58684,20230206,300662,0.005133,1.0
58685,20230206,300124,0.000561,1.0
58686,20230206,300856,-0.005597,1.0
58687,20230206,300592,-0.00575,0.0
58688,20230206,300054,-0.008741,1.0
58689,20230206,300144,-0.009563,1.0
58690,20230206,300316,-0.011826,1.0
58691,20230206,300316,-0.011826,1.0
58692,20230206,300773,-0.017287,1.0
58693,20230206,300253,-0.020646,1.0
58694,20230207,300442,0.012639,1.0
58695,20230207,300393,0.010689,1.0
58696,20230207,300896,0.004834,1.0
58697,20230207,300759,0.002396,1.0
58698,20230207,301030,-0.002615,1.0
58699,20230207,300351,-0.003948,1.0
58700,20230207,300428,-0.004012,1.0
58701,20230207,300124,-0.006448,1.0
58702,20230207,300188,-0.00998,1.0
58703,20230207,300144,-0.010345,1.0
58704,20230207,300360,-0.019048,1.0
58705,20230207,300820,-0.02304,1.0
58706,20230207,300733,-0.026946,1.0
58707,20230208,300490,0.057313,1.0
58708,20230208,300170,0.031044,1.0
58709,20230208,300319,0.024365,1.0
58710,20230208,301219,0.011157,1.0
58711,20230208,300406,0.008824,1.0
58712,20230209,300286,-0.011093,1.0
58713,20230209,300161,-0.016919,1.0
58714,20230209,300745,-0.022623,1.0
58715,20230210,300589,0.057272,1.0
58716,20230210,300750,0.031506,1.0
58717,20230210,301018,0.024453,1.0
58718,20230210,300451,0.001109,1.0
58719,20230210,300490,-0.011136,1.0
58720,20230210,300401,0.032667,1.0
58721,20230210,301078,0.023324,1.0
58722,20230213,300811,0.055735,1.0
58723,20230213,300019,0.021209,1.0
58724,20230213,300019,0.021209,1.0
58725,20230213,300332,0.0139,1.0
58726,20230213,300715,0.002013,1.0
58727,20230213,300613,-0.017653,1.0
58728,20230213,300260,-0.02184,1.0
58729,20230213,300979,-0.033333,1.0
58730,20230213,300394,-0.056244,1.0
58731,20230213,300863,-0.065403,1.0
58732,20230214,301195,0.025709,1.0
58733,20230214,300896,-0.016847,1.0
58734,20230215,300124,0.001087,1.0
58735,20230215,300118,-0.026349,1.0
58736,20230215,300957,-0.026597,1.0
58737,20230215,300776,-0.032204,1.0
58738,20230215,300450,-0.033068,1.0
58739,20230215,301263,-0.051053,1.0
58740,20230216,301263,0.005269,1.0
58741,20230216,300776,-0.016879,1.0
58742,20230216,300776,-0.016879,1.0
58743,20230216,300791,-0.02166,1.0
58744,20230216,301327,-0.024398,1.0
58745,20230216,300693,-0.033652,1.0
58746,20230216,300223,-0.074539,1.0
58747,20230217,300708,0.010902,1.0
58748,20230217,300393,0.009798,1.0
58749,20230217,300745,0.004993,1.0
58750,20230217,300757,-0.010167,1.0
58751,20230217,300014,-0.056642,1.0
58752,20230220,300203,0.053892,1.0
58753,20230220,300068,0.047787,1.0
58754,20230220,300490,0.047181,1.0
58755,20230220,300498,0.030287,0.0
58756,20230220,300547,0.028495,1.0
58757,20230220,300260,0.012884,1.0
58758,20230220,300373,-0.001792,1.0
58759,20230220,300373,-0.001792,1.0
58760,20230220,301179,-0.011802,1.0
58761,20230220,300856,-0.014701,1.0
58762,20230221,300820,0.004697,1.0
58763,20230221,300498,0.003488,0.0
58764,20230221,300498,0.003488,0.0
58765,20230221,300863,-0.00181,1.0
58766,20230221,300174,-0.036561,1.0
58767,20230222,301030,0.015371,1.0
58768,20230222,300767,0.012729,1.0
58769,20230222,300745,0.00945,1.0
58770,20230222,300138,0.004405,1.0
58771,20230222,300999,-0.010757,1.0
58772,20230223,301191,0.049078,1.0
58773,20230223,300567,0.017247,1.0
58774,20230223,300217,0.012262,1.0
58775,20230223,300339,-0.005383,1.0
58776,20230224,300848,0.040049,1.0
58777,20230224,300757,-0.001074,1.0
58778,20230224,300870,-0.005143,1.0
58779,20230224,300354,-0.009674,1.0
58780,20230224,300888,-0.039106,1.0
58781,20230227,300570,0.063975,1.0
58782,20230227,300525,0.031731,1.0
58783,20230227,300827,0.014997,1.0
58784,20230227,300679,0.013267,1.0
58785,20230227,300351,0.012508,1.0
58786,20230227,300007,0.006559,1.0
58787,20230227,300450,0.004387,1.0
58788,20230227,300755,0.000604,1.0
58789,20230227,300033,-0.002861,1.0
58790,20230227,300894,-0.003082,1.0
58791,20230227,301030,-0.013928,1.0
58792,20230227,300490,-0.029834,1.0
58793,20230228,300033,0.055781,1.0
58794,20230228,300036,0.055773,1.0
58795,20230228,300496,0.040272,1.0
58796,20230228,300188,0.026401,1.0
58797,20230228,300286,0.022688,1.0
58798,20230228,300286,0.022688,1.0
58799,20230228,300737,0.018671,1.0
58800,20230228,300260,0.016287,1.0
58801,20230228,300481,0.01406,1.0
58802,20230228,300308,0.011549,1.0
58803,20230228,300393,0.011183,1.0
58804,20230228,300457,0.009744,1.0
58805,20230228,300128,0.004854,1.0
58806,20230228,300012,0.000893,1.0
58807,20230228,300662,-0.015071,1.0
58808,20230228,300438,-0.018643,1.0
58809,20230228,300908,-0.023202,1.0
58810,20230301,300496,0.074409,0.0
58811,20230301,300496,0.074409,1.0
58812,20230301,300496,0.074409,1.0
58813,20230301,300496,0.074409,0.0
58814,20230301,300496,0.074409,1.0
58815,20230301,300496,0.074409,1.0
58816,20230301,300496,0.074409,1.0
58817,20230301,300033,0.020142,0.0
58818,20230301,300033,0.020142,0.0
58819,20230301,300662,0.013234,0.0
58820,20230301,300418,0.006743,0.0
58821,20230301,300012,-0.012048,0.0
58822,20230301,300979,-0.028424,1.0
58823,20230301,300382,-0.029807,1.0
58824,20230302,300737,0.024929,1.0
58825,20230302,300662,0.022653,1.0
58826,20230302,300755,0.002172,1.0
58827,20230302,689009,0.000869,1.0
58828,20230302,301077,-0.005936,1.0
58829,20230302,300761,-0.008329,0.0
58830,20230302,300957,-0.010004,1.0
58831,20230302,300124,-0.012987,1.0
58832,20230302,300450,-0.014665,1.0
58833,20230302,300138,-0.016384,1.0
58834,20230302,300033,-0.024916,0.0
58835,20230302,300979,-0.028546,1.0
58836,20230302,300979,-0.028546,1.0
58837,20230302,300979,-0.028546,1.0
58838,20230302,300979,-0.028546,1.0
58839,20230302,300979,-0.028546,1.0
58840,20230302,300496,-0.043987,1.0
58841,20230302,300496,-0.043987,1.0
58842,20230303,300662,0.043903,1.0
58843,20230303,300856,0.025918,1.0
58844,20230303,300496,0.023103,0.0
58845,20230303,300790,0.010119,1.0
58846,20230303,300870,-0.001579,1.0
58847,20230303,300979,-0.008943,1.0
58848,20230303,300979,-0.008943,1.0
58849,20230303,300979,-0.008943,1.0
